9,20,18762,0,1,1,
9,20,37495,0,1,1,
9,20,60034,1,0,1,
9,20,60026,1,0,1,
9,20,60020,1,0,1,
9,20,76,0,1,1,
9,20,11024,0,1,1,
9,20,60010,1,0,1,
9,20,3466,0,1,1,
9,20,60024,1,0,1,
9,20,115,0,1,2,
9,20,60018,1,0,2,
9,20,60016,1,0,2,
9,20,5832,0,1,2,
9,20,450,0,1,2,
9,20,4900,0,1,2,
9,20,75,0,1,2,
9,20,70,0,1,2,
9,20,60018,1,0,2,
9,20,260,0,1,2,
9,20,174,0,1,3,
9,20,28,0,1,3,
9,20,30,0,1,3,
9,20,31,0,1,3,
9,20,32,0,0,3,
9,20,28,0,1,3,
9,20,27,0,1,3,
9,20,42,0,1,3,
9,20,12,0,0,3,
9,20,12,0,0,3,
9,20,30,0,1,4,
9,20,123,0,1,4,
9,20,35,0,1,4,
9,20,30,0,1,4,
9,20,34,0,1,4,
9,20,9,0,0,4,
9,20,30,0,1,4,
9,20,29,0,1,4,
9,20,30,0,1,4,
9,20,80,0,1,4,
9,20,48,0,1,5,
9,20,56,0,1,5,
9,20,33,0,1,5,
9,20,12,0,0,5,
9,20,41,0,1,5,
9,20,42,0,1,5,
9,20,32,0,1,5,
9,20,43,0,1,5,
9,20,9,0,0,5,
9,20,32,0,1,5,
9,21,4970,0,1,1,
9,21,35991,0,1,1,
9,21,16739,0,1,1,
9,21,60021,1,0,1,
9,21,681,0,1,1,
9,21,49497,0,1,1,
9,21,513,0,1,1,
9,21,60022,1,0,1,
9,21,386,0,1,1,
9,21,4113,0,0,1,
9,21,60026,1,0,2,
9,21,1013,0,0,2,
9,21,10,0,0,2,
9,21,60012,1,0,2,
9,21,13,0,0,2,
9,21,60020,1,0,2,
9,21,60026,1,0,2,
9,21,39078,0,1,2,
9,21,313,0,1,2,
9,21,228,0,1,2,
9,21,2118,0,0,3,
9,21,30,0,1,3,
9,21,8,0,0,3,
9,21,36,0,1,3,
9,21,27,0,1,3,
9,21,28,0,1,3,
9,21,39,0,1,3,
9,21,10,0,0,3,
9,21,8,0,0,3,
9,21,31,0,1,3,
9,21,54,0,1,4,
9,21,17,0,0,4,
9,21,9,0,0,4,
9,21,13,0,0,4,
9,21,8,0,0,4,
9,21,33,0,1,4,
9,21,419,0,1,4,
9,21,35,0,1,4,
9,21,29,0,1,4,
9,21,9,0,0,4,
9,21,51,0,1,5,
9,21,34,0,1,5,
9,21,24,0,0,5,
9,21,38,0,1,5,
9,21,36,0,1,5,
9,21,195,0,0,5,
9,21,57,0,1,5,
9,21,974,0,0,5,
9,21,9,0,0,5,
9,21,34,0,1,5,
9,22,7225,0,1,1,
9,22,424,0,0,1,
9,22,60022,1,0,1,
9,22,863,0,1,1,
9,22,60024,1,0,1,
9,22,1525,0,0,1,
9,22,14982,0,1,1,
9,22,2088,0,1,1,
9,22,60023,1,0,1,
9,22,4289,0,1,1,
9,22,866,0,1,2,
9,22,36534,0,1,2,
9,22,9,0,0,2,
9,22,17091,0,1,2,
9,22,3133,0,1,2,
9,22,60017,1,0,2,
9,22,60013,1,0,2,
9,22,60023,1,0,2,
9,22,20,0,0,2,
9,22,60020,1,0,2,
9,22,14,0,0,3,
9,22,244,0,1,3,
9,22,26,0,1,3,
9,22,32,0,0,3,
9,22,8,0,0,3,
9,22,32,0,1,3,
9,22,174,0,1,3,
9,22,19,0,0,3,
9,22,34,0,1,3,
9,22,9,0,0,3,
9,22,11,0,0,4,
9,22,420,0,0,4,
9,22,31,0,1,4,
9,22,32,0,1,4,
9,22,31,0,1,4,
9,22,1341,0,0,4,
9,22,55,0,1,4,
9,22,1650,0,0,4,
9,22,10,0,0,4,
9,22,10,0,0,4,
9,22,239,0,1,5,
9,22,9,0,0,5,
9,22,43,0,1,5,
9,22,10,0,0,5,
9,22,655,0,0,5,
9,22,8,0,0,5,
9,22,32,0,1,5,
9,22,36,0,1,5,
9,22,33,0,1,5,
9,22,34,0,1,5,
9,23,1632,0,1,1,
9,23,5685,0,1,1,
9,23,11520,0,0,1,
9,23,10995,0,1,1,
9,23,162,0,0,1,
9,23,6008,0,1,1,
9,23,60021,1,0,1,
9,23,60022,1,0,1,
9,23,10049,0,1,1,
9,23,1487,0,1,1,
9,23,60012,1,0,2,
9,23,439,0,0,2,
9,23,3731,0,0,2,
9,23,305,0,0,2,
9,23,52140,0,1,2,
9,23,60018,1,0,2,
9,23,10237,0,0,2,
9,23,96,0,0,2,
9,23,36,0,1,2,
9,23,1607,0,1,2,
9,23,49,0,1,3,
9,23,40,0,1,3,
9,23,1932,0,0,3,
9,23,26,0,1,3,
9,23,44,0,0,3,
9,23,56,0,0,3,
9,23,8,0,0,3,
9,23,32,0,1,3,
9,23,26,0,1,3,
9,23,7,0,0,3,
9,23,24,0,0,4,
9,23,7,0,0,4,
9,23,9,0,0,4,
9,23,68,0,1,4,
9,23,712,0,1,4,
9,23,23,0,0,4,
9,23,30,0,1,4,
9,23,27,0,1,4,
9,23,7,0,0,4,
9,23,18,0,0,4,
9,23,251,0,0,5,
9,23,7,0,0,5,
9,23,455,0,0,5,
9,23,118,0,1,5,
9,23,31,0,1,5,
9,23,1297,0,0,5,
9,23,11,0,0,5,
9,23,30,0,1,5,
9,23,281,0,0,5,
9,23,13,0,0,5,
9,24,26,0,0,1,
9,24,2841,0,1,1,
9,24,2397,0,0,1,
9,24,55038,0,0,1,
9,24,293,0,0,1,
9,24,338,0,1,1,
9,24,57,0,0,1,
9,24,3290,0,0,1,
9,24,60016,1,0,1,
9,24,1625,0,1,1,
9,24,108,0,1,2,
9,24,35008,0,0,2,
9,24,60021,1,0,2,
9,24,8933,0,1,2,
9,24,244,0,0,2,
9,24,947,0,1,2,
9,24,572,0,0,2,
9,24,60022,1,0,2,
9,24,2245,0,0,2,
9,24,660,0,1,2,
9,24,7,0,0,3,
9,24,10,0,0,3,
9,24,12,0,0,3,
9,24,9,0,0,3,
9,24,33,0,1,3,
9,24,31,0,0,3,
9,24,13,0,0,3,
9,24,2575,0,0,3,
9,24,26,0,1,3,
9,24,30,0,1,3,
9,24,8,0,0,4,
9,24,610,0,0,4,
9,24,7,0,0,4,
9,24,46,0,1,4,
9,24,32,0,0,4,
9,24,143,0,0,4,
9,24,42,0,1,4,
9,24,29,0,1,4,
9,24,7,0,0,4,
9,24,32,0,1,4,
9,24,11,0,0,5,
9,24,8,0,0,5,
9,24,8,0,0,5,
9,24,8,0,0,5,
9,24,41,0,1,5,
9,24,38,0,0,5,
9,24,80,0,1,5,
9,24,150,0,0,5,
9,24,9,0,0,5,
9,24,30,0,1,5,
9,25,5468,0,0,1,
9,25,60020,1,0,1,
9,25,990,0,0,1,
9,25,5136,0,0,1,
9,25,38352,0,0,1,
9,25,60017,1,0,1,
9,25,2316,0,1,1,
9,25,823,0,0,1,
9,25,60019,1,0,1,
9,25,334,0,1,1,
9,25,23755,0,0,2,
9,25,6248,0,0,2,
9,25,184,0,1,2,
9,25,1703,0,0,2,
9,25,5383,0,0,2,
9,25,32170,0,0,2,
9,25,157,0,0,2,
9,25,48691,0,0,2,
9,25,2898,0,0,2,
9,25,37286,0,0,2,
9,25,9,0,0,3,
9,25,27,0,1,3,
9,25,21,0,0,3,
9,25,7,0,0,3,
9,25,32,0,1,3,
9,25,9,0,0,3,
9,25,313,0,0,3,
9,25,8,0,0,3,
9,25,13,0,0,3,
9,25,18,0,0,3,
9,25,10,0,0,4,
9,25,7,0,0,4,
9,25,83,0,0,4,
9,25,8,0,0,4,
9,25,19,0,0,4,
9,25,907,0,0,4,
9,25,287,0,0,4,
9,25,8,0,0,4,
9,25,196,0,1,4,
9,25,9,0,0,4,
9,25,41,0,1,5,
9,25,8,0,0,5,
9,25,17,0,0,5,
9,25,9,0,0,5,
9,25,28,0,0,5,
9,25,42,0,1,5,
9,25,15,0,0,5,
9,25,18,0,0,5,
9,25,11,0,0,5,
9,25,40,0,1,5,
9,26,60019,1,0,1,
9,26,2731,0,0,1,
9,26,36937,0,0,1,
9,26,10,0,0,1,
9,26,49519,0,0,1,
9,26,1590,0,1,1,
9,26,60022,1,0,1,
9,26,1011,0,0,1,
9,26,5953,0,1,1,
9,26,60020,1,0,1,
9,26,798,0,0,2,
9,26,60010,1,0,2,
9,26,33728,0,0,2,
9,26,1695,0,0,2,
9,26,1983,0,0,2,
9,26,60011,1,0,2,
9,26,21,0,0,2,
9,26,10872,0,0,2,
9,26,734,0,0,2,
9,26,118,0,1,2,
9,26,9,0,0,3,
9,26,7,0,0,3,
9,26,27,0,1,3,
9,26,7,0,0,3,
9,26,14,0,0,3,
9,26,13,0,0,3,
9,26,11,0,0,3,
9,26,7,0,0,3,
9,26,13,0,0,3,
9,26,25,0,1,3,
9,26,44,0,0,4,
9,26,168,0,0,4,
9,26,10,0,0,4,
9,26,7,0,0,4,
9,26,11,0,0,4,
9,26,26,0,1,4,
9,26,12,0,0,4,
9,26,8,0,0,4,
9,26,8,0,0,4,
9,26,26,0,1,4,
9,26,48,0,0,5,
9,26,7,0,0,5,
9,26,8,0,0,5,
9,26,10,0,0,5,
9,26,11,0,0,5,
9,26,379,0,0,5,
9,26,9,0,0,5,
9,26,102,0,0,5,
9,26,8,0,0,5,
9,26,35,0,0,5,
9,27,2887,0,0,1,
9,27,559,0,1,1,
9,27,1456,0,0,1,
9,27,31,0,0,1,
9,27,10,0,0,1,
9,27,160,0,0,1,
9,27,46,0,0,1,
9,27,5625,0,0,1,
9,27,143,0,0,1,
9,27,4645,0,0,1,
9,27,373,0,0,2,
9,27,27948,0,0,2,
9,27,12898,0,0,2,
9,27,27717,0,1,2,
9,27,7512,0,0,2,
9,27,5602,0,0,2,
9,27,37070,0,0,2,
9,27,33,0,0,2,
9,27,35,0,0,2,
9,27,60012,1,0,2,
9,27,360,0,0,3,
9,27,8,0,0,3,
9,27,23,0,0,3,
9,27,7,0,0,3,
9,27,29,0,1,3,
9,27,8,0,0,3,
9,27,8,0,0,3,
9,27,7,0,0,3,
9,27,8,0,0,3,
9,27,8,0,0,3,
9,27,9,0,0,4,
9,27,8,0,0,4,
9,27,7,0,0,4,
9,27,12,0,0,4,
9,27,15,0,0,4,
9,27,9,0,0,4,
9,27,8,0,0,4,
9,27,8,0,0,4,
9,27,7,0,0,4,
9,27,11,0,0,4,
9,27,20,0,0,5,
9,27,8,0,0,5,
9,27,7,0,0,5,
9,27,8,0,0,5,
9,27,9,0,0,5,
9,27,15,0,0,5,
9,27,9,0,0,5,
9,27,7,0,0,5,
9,27,9,0,0,5,
9,27,28,0,0,5,
9,28,939,0,0,1,
9,28,33983,0,0,1,
9,28,60017,1,0,1,
9,28,5119,0,0,1,
9,28,1273,0,1,1,
9,28,1158,0,0,1,
9,28,46838,0,0,1,
9,28,2298,0,0,1,
9,28,41,0,0,1,
9,28,11158,0,0,1,
9,28,1544,0,0,2,
9,28,368,0,0,2,
9,28,1630,0,1,2,
9,28,60015,1,0,2,
9,28,4926,0,0,2,
9,28,16,0,0,2,
9,28,236,0,0,2,
9,28,22,0,0,2,
9,28,16648,0,0,2,
9,28,254,0,0,2,
9,28,77,0,1,3,
9,28,9,0,0,3,
9,28,7,0,0,3,
9,28,8,0,0,3,
9,28,78,0,0,3,
9,28,8,0,0,3,
9,28,12,0,0,3,
9,28,11,0,0,3,
9,28,28,0,1,3,
9,28,14,0,0,3,
9,28,7,0,0,4,
9,28,7,0,0,4,
9,28,8,0,0,4,
9,28,8,0,0,4,
9,28,47,0,0,4,
9,28,8,0,0,4,
9,28,8,0,0,4,
9,28,9,0,0,4,
9,28,10,0,0,4,
9,28,67,0,1,4,
9,28,10,0,0,5,
9,28,7,0,0,5,
9,28,9,0,0,5,
9,28,8,0,0,5,
9,28,8,0,0,5,
9,28,8,0,0,5,
9,28,13,0,0,5,
9,28,8,0,0,5,
9,28,7,0,0,5,
9,28,8,0,0,5,
9,29,9147,0,0,1,
9,29,1982,0,0,1,
9,29,3573,0,0,1,
9,29,6159,0,0,1,
9,29,3119,0,0,1,
9,29,871,0,0,1,
9,29,120,0,0,1,
9,29,1539,0,0,1,
9,29,40,0,0,1,
9,29,234,0,0,1,
9,29,85,0,0,2,
9,29,666,0,0,2,
9,29,2481,0,0,2,
9,29,60008,1,0,2,
9,29,10,0,0,2,
9,29,14,0,0,2,
9,29,105,0,0,2,
9,29,1367,0,0,2,
9,29,19077,0,0,2,
9,29,518,0,0,2,
9,29,7,0,0,3,
9,29,12,0,0,3,
9,29,7,0,0,3,
9,29,6,0,0,3,
9,29,7,0,0,3,
9,29,8,0,0,3,
9,29,7,0,0,3,
9,29,21,0,0,3,
9,29,9,0,0,3,
9,29,10,0,0,3,
9,29,18,0,0,4,
9,29,32,0,0,4,
9,29,8,0,0,4,
9,29,9,0,0,4,
9,29,8,0,0,4,
9,29,7,0,0,4,
9,29,7,0,0,4,
9,29,7,0,0,4,
9,29,7,0,0,4,
9,29,7,0,0,4,
9,29,19,0,0,5,
9,29,7,0,0,5,
9,29,7,0,0,5,
9,29,10,0,0,5,
9,29,7,0,0,5,
9,29,12,0,0,5,
9,29,7,0,0,5,
9,29,7,0,0,5,
9,29,8,0,0,5,
9,29,7,0,0,5,
9,30,907,0,0,1,
9,30,234,0,0,1,
9,30,346,0,0,1,
9,30,1650,0,0,1,
9,30,50900,0,0,1,
9,30,2110,0,0,1,
9,30,9173,0,0,1,
9,30,10,0,0,1,
9,30,21,0,0,1,
9,30,24,0,0,1,
9,30,60013,1,0,2,
9,30,16942,0,0,2,
9,30,7,0,0,2,
9,30,5196,0,0,2,
9,30,7664,0,0,2,
9,30,503,0,0,2,
9,30,20286,0,0,2,
9,30,103,0,0,2,
9,30,275,0,0,2,
9,30,1452,0,0,2,
9,30,7,0,0,3,
9,30,7,0,0,3,
9,30,13,0,0,3,
9,30,7,0,0,3,
9,30,7,0,0,3,
9,30,9,0,0,3,
9,30,9,0,0,3,
9,30,19,0,0,3,
9,30,7,0,0,3,
9,30,10,0,0,3,
9,30,6,0,0,4,
9,30,7,0,0,4,
9,30,24,0,1,4,
9,30,7,0,0,4,
9,30,8,0,0,4,
9,30,10,0,0,4,
9,30,8,0,0,4,
9,30,7,0,0,4,
9,30,10,0,0,4,
9,30,8,0,0,4,
9,30,7,0,0,5,
9,30,7,0,0,5,
9,30,7,0,0,5,
9,30,9,0,0,5,
9,30,7,0,0,5,
9,30,9,0,0,5,
9,30,9,0,0,5,
9,30,16,0,0,5,
9,30,7,0,0,5,
9,30,7,0,0,5,
9,31,15,0,0,1,
9,31,365,0,0,1,
9,31,21520,0,0,1,
9,31,2233,0,0,1,
9,31,20769,0,0,1,
9,31,606,0,0,1,
9,31,111,0,0,1,
9,31,28,0,0,1,
9,31,23843,0,0,1,
9,31,733,0,0,1,
9,31,202,0,0,2,
9,31,41,0,0,2,
9,31,61,0,0,2,
9,31,7,0,0,2,
9,31,22254,0,0,2,
9,31,14,0,0,2,
9,31,72,0,0,2,
9,31,2634,0,0,2,
9,31,315,0,0,2,
9,31,116,0,0,2,
9,31,7,0,0,3,
9,31,7,0,0,3,
9,31,7,0,0,3,
9,31,7,0,0,3,
9,31,9,0,0,3,
9,31,11,0,0,3,
9,31,7,0,0,3,
9,31,7,0,0,3,
9,31,7,0,0,3,
9,31,7,0,0,3,
9,31,7,0,0,4,
9,31,7,0,0,4,
9,31,12,0,0,4,
9,31,7,0,0,4,
9,31,7,0,0,4,
9,31,11,0,0,4,
9,31,10,0,0,4,
9,31,11,0,0,4,
9,31,8,0,0,4,
9,31,9,0,0,4,
9,31,9,0,0,5,
9,31,8,0,0,5,
9,31,7,0,0,5,
9,31,7,0,0,5,
9,31,7,0,0,5,
9,31,7,0,0,5,
9,31,8,0,0,5,
9,31,7,0,0,5,
9,31,7,0,0,5,
9,31,7,0,0,5,
9,32,2562,0,0,1,
9,32,5803,0,0,1,
9,32,559,0,0,1,
9,32,30,0,0,1,
9,32,257,0,0,1,
9,32,4513,0,0,1,
9,32,957,0,0,1,
9,32,122,0,0,1,
9,32,36,0,0,1,
9,32,2121,0,0,1,
9,32,211,0,0,2,
9,32,100,0,0,2,
9,32,618,0,0,2,
9,32,340,0,0,2,
9,32,254,0,0,2,
9,32,239,0,0,2,
9,32,186,0,0,2,
9,32,517,0,0,2,
9,32,80,0,0,2,
9,32,7,0,0,2,
9,32,8,0,0,3,
9,32,7,0,0,3,
9,32,6,0,0,3,
9,32,7,0,0,3,
9,32,7,0,0,3,
9,32,7,0,0,3,
9,32,7,0,0,3,
9,32,13,0,0,3,
9,32,7,0,0,3,
9,32,7,0,0,3,
9,32,8,0,0,4,
9,32,11,0,0,4,
9,32,11,0,0,4,
9,32,21,0,1,4,
9,32,8,0,0,4,
9,32,7,0,0,4,
9,32,7,0,0,4,
9,32,7,0,0,4,
9,32,7,0,0,4,
9,32,6,0,0,4,
9,32,10,0,0,5,
9,32,10,0,0,5,
9,32,7,0,0,5,
9,32,9,0,0,5,
9,32,12,0,0,5,
9,32,7,0,0,5,
9,32,9,0,0,5,
9,32,10,0,0,5,
9,32,7,0,0,5,
9,32,7,0,0,5,
9,33,15,0,0,1,
9,33,2999,0,0,1,
9,33,10,0,0,1,
9,33,8417,0,0,1,
9,33,159,0,0,1,
9,33,16,0,0,1,
9,33,85,0,0,1,
9,33,119,0,0,1,
9,33,488,0,0,1,
9,33,482,0,0,1,
9,33,151,0,0,2,
9,33,242,0,0,2,
9,33,8,0,0,2,
9,33,332,0,0,2,
9,33,1845,0,0,2,
9,33,46,0,0,2,
9,33,9,0,0,2,
9,33,141,0,0,2,
9,33,362,0,0,2,
9,33,264,0,0,2,
9,33,7,0,0,3,
9,33,8,0,0,3,
9,33,7,0,0,3,
9,33,7,0,0,3,
9,33,7,0,0,3,
9,33,7,0,0,3,
9,33,6,0,0,3,
9,33,7,0,0,3,
9,33,7,0,0,3,
9,33,14,0,0,3,
9,33,7,0,0,4,
9,33,7,0,0,4,
9,33,7,0,0,4,
9,33,8,0,0,4,
9,33,6,0,0,4,
9,33,7,0,0,4,
9,33,6,0,0,4,
9,33,6,0,0,4,
9,33,7,0,0,4,
9,33,7,0,0,4,
9,33,15,0,0,5,
9,33,8,0,0,5,
9,33,7,0,0,5,
9,33,7,0,0,5,
9,33,12,0,0,5,
9,33,8,0,0,5,
9,33,8,0,0,5,
9,33,11,0,0,5,
9,33,8,0,0,5,
9,33,8,0,0,5,
9,34,32,0,0,1,
9,34,38574,0,0,1,
9,34,9,0,0,1,
9,34,741,0,0,1,
9,34,191,0,0,1,
9,34,8,0,0,1,
9,34,13,0,0,1,
9,34,29,0,0,1,
9,34,131,0,0,1,
9,34,1155,0,0,1,
9,34,183,0,0,2,
9,34,136,0,0,2,
9,34,220,0,0,2,
9,34,26,0,0,2,
9,34,24,0,0,2,
9,34,8,0,0,2,
9,34,12,0,0,2,
9,34,15,0,0,2,
9,34,83,0,0,2,
9,34,17,0,0,2,
9,34,7,0,0,3,
9,34,8,0,0,3,
9,34,7,0,0,3,
9,34,8,0,0,3,
9,34,10,0,0,3,
9,34,8,0,0,3,
9,34,7,0,0,3,
9,34,6,0,0,3,
9,34,6,0,0,3,
9,34,7,0,0,3,
9,34,7,0,0,4,
9,34,7,0,0,4,
9,34,6,0,0,4,
9,34,7,0,0,4,
9,34,7,0,0,4,
9,34,7,0,0,4,
9,34,7,0,0,4,
9,34,6,0,0,4,
9,34,8,0,0,4,
9,34,7,0,0,4,
9,34,6,0,0,5,
9,34,6,0,0,5,
9,34,7,0,0,5,
9,34,10,0,0,5,
9,34,6,0,0,5,
9,34,7,0,0,5,
9,34,11,0,0,5,
9,34,6,0,0,5,
9,34,7,0,0,5,
9,34,7,0,0,5,
9,35,2334,0,0,1,
9,35,27,0,0,1,
9,35,18,0,0,1,
9,35,738,0,0,1,
9,35,9,0,0,1,
9,35,19,0,0,1,
9,35,81,0,0,1,
9,35,325,0,0,1,
9,35,350,0,0,1,
9,35,3065,0,0,1,
9,35,7,0,0,2,
9,35,11,0,0,2,
9,35,799,0,0,2,
9,35,77,0,0,2,
9,35,213,0,0,2,
9,35,28,0,0,2,
9,35,6,0,0,2,
9,35,6,0,0,2,
9,35,102,0,0,2,
9,35,7,0,0,2,
9,35,7,0,0,3,
9,35,6,0,0,3,
9,35,7,0,0,3,
9,35,7,0,0,3,
9,35,6,0,0,3,
9,35,7,0,0,3,
9,35,7,0,0,3,
9,35,6,0,0,3,
9,35,6,0,0,3,
9,35,8,0,0,3,
9,35,7,0,0,4,
9,35,7,0,0,4,
9,35,8,0,0,4,
9,35,6,0,0,4,
9,35,7,0,0,4,
9,35,6,0,0,4,
9,35,7,0,0,4,
9,35,7,0,0,4,
9,35,7,0,0,4,
9,35,7,0,0,4,
9,35,8,0,0,5,
9,35,7,0,0,5,
9,35,8,0,0,5,
9,35,7,0,0,5,
9,35,6,0,0,5,
9,35,7,0,0,5,
9,35,7,0,0,5,
9,35,7,0,0,5,
9,35,6,0,0,5,
9,35,8,0,0,5,
9,36,20,0,0,1,
9,36,39,0,0,1,
9,36,80,0,0,1,
9,36,41,0,0,1,
9,36,8,0,0,1,
9,36,49,0,0,1,
9,36,85,0,0,1,
9,36,2312,0,0,1,
9,36,15,0,0,1,
9,36,280,0,0,1,
9,36,38,0,0,2,
9,36,17,0,0,2,
9,36,11,0,0,2,
9,36,21,0,0,2,
9,36,11,0,0,2,
9,36,17,0,0,2,
9,36,258,0,0,2,
9,36,12,0,0,2,
9,36,10,0,0,2,
9,36,8,0,0,2,
9,36,8,0,0,3,
9,36,6,0,0,3,
9,36,6,0,0,3,
9,36,7,0,0,3,
9,36,7,0,0,3,
9,36,6,0,0,3,
9,36,7,0,0,3,
9,36,7,0,0,3,
9,36,6,0,0,3,
9,36,6,0,0,3,
9,36,7,0,0,4,
9,36,6,0,0,4,
9,36,6,0,0,4,
9,36,7,0,0,4,
9,36,7,0,0,4,
9,36,7,0,0,4,
9,36,7,0,0,4,
9,36,6,0,0,4,
9,36,7,0,0,4,
9,36,7,0,0,4,
9,36,6,0,0,5,
9,36,6,0,0,5,
9,36,7,0,0,5,
9,36,7,0,0,5,
9,36,6,0,0,5,
9,36,6,0,0,5,
9,36,6,0,0,5,
9,36,7,0,0,5,
9,36,10,0,0,5,
9,36,6,0,0,5,
9,37,29,0,0,1,
9,37,96,0,0,1,
9,37,226,0,0,1,
9,37,859,0,0,1,
9,37,17,0,0,1,
9,37,242,0,0,1,
9,37,37,0,0,1,
9,37,8,0,0,1,
9,37,21,0,0,1,
9,37,27,0,0,1,
9,37,8,0,0,2,
9,37,53,0,0,2,
9,37,93,0,0,2,
9,37,18,0,0,2,
9,37,16,0,0,2,
9,37,4130,0,0,2,
9,37,11,0,0,2,
9,37,297,0,0,2,
9,37,103,0,0,2,
9,37,14,0,0,2,
9,37,6,0,0,3,
9,37,7,0,0,3,
9,37,6,0,0,3,
9,37,7,0,0,3,
9,37,6,0,0,3,
9,37,7,0,0,3,
9,37,6,0,0,3,
9,37,7,0,0,3,
9,37,7,0,0,3,
9,37,6,0,0,3,
9,37,6,0,0,4,
9,37,6,0,0,4,
9,37,8,0,0,4,
9,37,6,0,0,4,
9,37,8,0,0,4,
9,37,6,0,0,4,
9,37,6,0,0,4,
9,37,6,0,0,4,
9,37,7,0,0,4,
9,37,6,0,0,4,
9,37,8,0,0,5,
9,37,7,0,0,5,
9,37,6,0,0,5,
9,37,6,0,0,5,
9,37,6,0,0,5,
9,37,7,0,0,5,
9,37,6,0,0,5,
9,37,6,0,0,5,
9,37,7,0,0,5,
9,37,7,0,0,5,
9,38,190,0,0,1,
9,38,114,0,0,1,
9,38,119,0,0,1,
9,38,18,0,0,1,
9,38,1320,0,0,1,
9,38,18,0,0,1,
9,38,80,0,0,1,
9,38,77,0,0,1,
9,38,23,0,0,1,
9,38,20,0,0,1,
9,38,21,0,0,2,
9,38,30,0,0,2,
9,38,84,0,0,2,
9,38,46,0,0,2,
9,38,10,0,0,2,
9,38,6,0,0,2,
9,38,6,0,0,2,
9,38,27,0,0,2,
9,38,6,0,0,2,
9,38,12,0,0,2,
9,38,6,0,0,3,
9,38,7,0,0,3,
9,38,6,0,0,3,
9,38,7,0,0,3,
9,38,7,0,0,3,
9,38,7,0,0,3,
9,38,7,0,0,3,
9,38,6,0,0,3,
9,38,6,0,0,3,
9,38,7,0,0,3,
9,38,7,0,0,4,
9,38,6,0,0,4,
9,38,7,0,0,4,
9,38,7,0,0,4,
9,38,7,0,0,4,
9,38,7,0,0,4,
9,38,6,0,0,4,
9,38,7,0,0,4,
9,38,6,0,0,4,
9,38,6,0,0,4,
9,38,7,0,0,5,
9,38,6,0,0,5,
9,38,6,0,0,5,
9,38,6,0,0,5,
9,38,6,0,0,5,
9,38,6,0,0,5,
9,38,6,0,0,5,
9,38,6,0,0,5,
9,38,7,0,0,5,
9,38,7,0,0,5,
9,39,14,0,0,1,
9,39,40,0,0,1,
9,39,80,0,0,1,
9,39,130,0,0,1,
9,39,15,0,0,1,
9,39,8,0,0,1,
9,39,11,0,0,1,
9,39,40,0,0,1,
9,39,13,0,0,1,
9,39,21,0,0,1,
9,39,15,0,0,2,
9,39,158,0,0,2,
9,39,18,0,0,2,
9,39,7,0,0,2,
9,39,18,0,0,2,
9,39,12,0,0,2,
9,39,51,0,0,2,
9,39,91,0,0,2,
9,39,9,0,0,2,
9,39,11,0,0,2,
9,39,6,0,0,3,
9,39,7,0,0,3,
9,39,7,0,0,3,
9,39,6,0,0,3,
9,39,10,0,0,3,
9,39,6,0,0,3,
9,39,6,0,0,3,
9,39,6,0,0,3,
9,39,6,0,0,3,
9,39,6,0,0,3,
9,39,6,0,0,4,
9,39,8,0,0,4,
9,39,7,0,0,4,
9,39,14,0,0,4,
9,39,6,0,0,4,
9,39,6,0,0,4,
9,39,7,0,0,4,
9,39,6,0,0,4,
9,39,6,0,0,4,
9,39,6,0,0,4,
9,39,6,0,0,5,
9,39,6,0,0,5,
9,39,6,0,0,5,
9,39,6,0,0,5,
9,39,6,0,0,5,
9,39,7,0,0,5,
9,39,7,0,0,5,
9,39,6,0,0,5,
9,39,6,0,0,5,
9,39,6,0,0,5,
9,40,20,0,0,1,
9,40,9,0,0,1,
9,40,83,0,0,1,
9,40,8,0,0,1,
9,40,13,0,0,1,
9,40,12,0,0,1,
9,40,57,0,0,1,
9,40,522,0,0,1,
9,40,42,0,0,1,
9,40,150,0,0,1,
9,40,6,0,0,2,
9,40,35,0,0,2,
9,40,26,0,0,2,
9,40,6,0,0,2,
9,40,73,0,0,2,
9,40,7,0,0,2,
9,40,18,0,0,2,
9,40,6,0,0,2,
9,40,11,0,0,2,
9,40,6,0,0,2,
9,40,6,0,0,3,
9,40,6,0,0,3,
9,40,6,0,0,3,
9,40,6,0,0,3,
9,40,6,0,0,3,
9,40,6,0,0,3,
9,40,6,0,0,3,
9,40,6,0,0,3,
9,40,6,0,0,3,
9,40,6,0,0,3,
9,40,7,0,0,4,
9,40,6,0,0,4,
9,40,7,0,0,4,
9,40,7,0,0,4,
9,40,6,0,0,4,
9,40,6,0,0,4,
9,40,6,0,0,4,
9,40,6,0,0,4,
9,40,6,0,0,4,
9,40,6,0,0,4,
9,40,6,0,0,5,
9,40,7,0,0,5,
9,40,6,0,0,5,
9,40,6,0,0,5,
9,40,6,0,0,5,
9,40,6,0,0,5,
9,40,7,0,0,5,
9,40,6,0,0,5,
9,40,6,0,0,5,
9,40,6,0,0,5,
10,25,2495,0,0,1,
10,25,122,0,0,1,
10,25,2059,0,0,1,
10,25,441,0,0,1,
10,25,1306,0,0,1,
10,25,459,0,0,1,
10,25,56905,0,0,1,
10,25,25,0,0,1,
10,25,113,0,0,1,
10,25,1273,0,0,1,
10,25,651,0,0,2,
10,25,70,0,0,2,
10,25,1481,0,0,2,
10,25,309,0,0,2,
10,25,277,0,0,2,
10,25,4287,0,0,2,
10,25,2332,0,0,2,
10,25,279,0,0,2,
10,25,94,0,0,2,
10,25,79,0,0,2,
10,25,11,0,0,3,
10,25,10,0,0,3,
10,25,14,0,0,3,
10,25,12,0,0,3,
10,25,10,0,0,3,
10,25,13,0,0,3,
10,25,19,0,0,3,
10,25,12,0,0,3,
10,25,10,0,0,3,
10,25,10,0,0,3,
10,25,14,0,0,4,
10,25,10,0,0,4,
10,25,31,0,0,4,
10,25,13,0,0,4,
10,25,11,0,0,4,
10,25,12,0,0,4,
10,25,16,0,0,4,
10,25,11,0,0,4,
10,25,33,0,0,4,
10,25,27,0,0,4,
10,25,14,0,0,5,
10,25,18,0,0,5,
10,25,9,0,0,5,
10,25,13,0,0,5,
10,25,15,0,0,5,
10,25,10,0,0,5,
10,25,10,0,0,5,
10,25,31,0,0,5,
10,25,9,0,0,5,
10,25,10,0,0,5,
10,26,664,0,0,1,
10,26,38745,0,0,1,
10,26,1852,0,0,1,
10,26,1825,0,0,1,
10,26,86,0,0,1,
10,26,184,0,0,1,
10,26,57,0,0,1,
10,26,6354,0,0,1,
10,26,1728,0,0,1,
10,26,36,0,0,1,
10,26,2912,0,0,2,
10,26,623,0,0,2,
10,26,2529,0,0,2,
10,26,3484,0,0,2,
10,26,342,0,0,2,
10,26,155,0,0,2,
10,26,1700,0,0,2,
10,26,220,0,0,2,
10,26,163,0,0,2,
10,26,7867,0,0,2,
10,26,11,0,0,3,
10,26,31,0,0,3,
10,26,9,0,0,3,
10,26,12,0,0,3,
10,26,11,0,0,3,
10,26,19,0,0,3,
10,26,31,0,0,3,
10,26,10,0,0,3,
10,26,15,0,0,3,
10,26,26,0,0,3,
10,26,13,0,0,4,
10,26,10,0,0,4,
10,26,11,0,0,4,
10,26,11,0,0,4,
10,26,11,0,0,4,
10,26,12,0,0,4,
10,26,10,0,0,4,
10,26,15,0,0,4,
10,26,24,0,0,4,
10,26,21,0,0,4,
10,26,23,0,0,5,
10,26,14,0,0,5,
10,26,12,0,0,5,
10,26,16,0,0,5,
10,26,13,0,0,5,
10,26,14,0,0,5,
10,26,43,0,0,5,
10,26,36,0,0,5,
10,26,13,0,0,5,
10,26,19,0,0,5,
10,27,300,0,0,1,
10,27,606,0,0,1,
10,27,4124,0,0,1,
10,27,1138,0,0,1,
10,27,31,0,0,1,
10,27,6839,0,0,1,
10,27,74,0,0,1,
10,27,33589,0,0,1,
10,27,2547,0,0,1,
10,27,218,0,0,1,
10,27,100,0,0,2,
10,27,75,0,0,2,
10,27,16,0,0,2,
10,27,98,0,0,2,
10,27,5804,0,0,2,
10,27,3214,0,0,2,
10,27,616,0,0,2,
10,27,101,0,0,2,
10,27,105,0,0,2,
10,27,186,0,0,2,
10,27,13,0,0,3,
10,27,10,0,0,3,
10,27,11,0,0,3,
10,27,10,0,0,3,
10,27,11,0,0,3,
10,27,11,0,0,3,
10,27,12,0,0,3,
10,27,10,0,0,3,
10,27,12,0,0,3,
10,27,27,0,0,3,
10,27,10,0,0,4,
10,27,15,0,0,4,
10,27,24,0,0,4,
10,27,11,0,0,4,
10,27,19,0,0,4,
10,27,12,0,0,4,
10,27,12,0,0,4,
10,27,12,0,0,4,
10,27,10,0,0,4,
10,27,14,0,0,4,
10,27,10,0,0,5,
10,27,12,0,0,5,
10,27,17,0,0,5,
10,27,11,0,0,5,
10,27,11,0,0,5,
10,27,9,0,0,5,
10,27,15,0,0,5,
10,27,12,0,0,5,
10,27,11,0,0,5,
10,27,19,0,0,5,
10,28,44,0,0,1,
10,28,152,0,0,1,
10,28,1083,0,0,1,
10,28,96,0,0,1,
10,28,1110,0,0,1,
10,28,565,0,0,1,
10,28,5644,0,0,1,
10,28,20652,0,0,1,
10,28,24,0,0,1,
10,28,170,0,0,1,
10,28,48,0,0,2,
10,28,40,0,0,2,
10,28,77,0,0,2,
10,28,358,0,0,2,
10,28,19,0,0,2,
10,28,91,0,0,2,
10,28,101,0,0,2,
10,28,282,0,0,2,
10,28,13,0,0,2,
10,28,40,0,0,2,
10,28,11,0,0,3,
10,28,10,0,0,3,
10,28,12,0,0,3,
10,28,16,0,0,3,
10,28,11,0,0,3,
10,28,13,0,0,3,
10,28,11,0,0,3,
10,28,14,0,0,3,
10,28,37,0,0,3,
10,28,9,0,0,3,
10,28,11,0,0,4,
10,28,10,0,0,4,
10,28,10,0,0,4,
10,28,20,0,0,4,
10,28,13,0,0,4,
10,28,15,0,0,4,
10,28,12,0,0,4,
10,28,22,0,0,4,
10,28,11,0,0,4,
10,28,11,0,0,4,
10,28,11,0,0,5,
10,28,12,0,0,5,
10,28,10,0,0,5,
10,28,10,0,0,5,
10,28,9,0,0,5,
10,28,10,0,0,5,
10,28,9,0,0,5,
10,28,15,0,0,5,
10,28,13,0,0,5,
10,28,15,0,0,5,
10,29,23,0,0,1,
10,29,159,0,0,1,
10,29,15580,0,0,1,
10,29,2064,0,0,1,
10,29,62,0,0,1,
10,29,729,0,0,1,
10,29,83,0,0,1,
10,29,10977,0,0,1,
10,29,109,0,0,1,
10,29,2091,0,0,1,
10,29,62,0,0,2,
10,29,242,0,0,2,
10,29,37,0,0,2,
10,29,123,0,0,2,
10,29,41,0,0,2,
10,29,11396,0,0,2,
10,29,72,0,0,2,
10,29,332,0,0,2,
10,29,461,0,0,2,
10,29,9,0,0,2,
10,29,12,0,0,3,
10,29,11,0,0,3,
10,29,11,0,0,3,
10,29,9,0,0,3,
10,29,10,0,0,3,
10,29,10,0,0,3,
10,29,11,0,0,3,
10,29,11,0,0,3,
10,29,10,0,0,3,
10,29,11,0,0,3,
10,29,11,0,0,4,
10,29,12,0,0,4,
10,29,11,0,0,4,
10,29,9,0,0,4,
10,29,12,0,0,4,
10,29,11,0,0,4,
10,29,9,0,0,4,
10,29,11,0,0,4,
10,29,10,0,0,4,
10,29,9,0,0,4,
10,29,13,0,0,5,
10,29,11,0,0,5,
10,29,11,0,0,5,
10,29,45,0,0,5,
10,29,12,0,0,5,
10,29,12,0,0,5,
10,29,12,0,0,5,
10,29,11,0,0,5,
10,29,12,0,0,5,
10,29,10,0,0,5,
10,30,20,0,0,1,
10,30,52,0,0,1,
10,30,60007,1,0,1,
10,30,125,0,0,1,
10,30,19,0,0,1,
10,30,118,0,0,1,
10,30,699,0,0,1,
10,30,173,0,0,1,
10,30,5536,0,0,1,
10,30,785,0,0,1,
10,30,371,0,0,2,
10,30,14,0,0,2,
10,30,18,0,0,2,
10,30,117,0,0,2,
10,30,15,0,0,2,
10,30,52,0,0,2,
10,30,1880,0,0,2,
10,30,79,0,0,2,
10,30,15442,0,0,2,
10,30,29,0,0,2,
10,30,13,0,0,3,
10,30,11,0,0,3,
10,30,19,0,0,3,
10,30,11,0,0,3,
10,30,10,0,0,3,
10,30,11,0,0,3,
10,30,11,0,0,3,
10,30,10,0,0,3,
10,30,12,0,0,3,
10,30,9,0,0,3,
10,30,19,0,0,4,
10,30,10,0,0,4,
10,30,11,0,0,4,
10,30,17,0,0,4,
10,30,11,0,0,4,
10,30,12,0,0,4,
10,30,9,0,0,4,
10,30,11,0,0,4,
10,30,12,0,0,4,
10,30,9,0,0,4,
10,30,9,0,0,5,
10,30,12,0,0,5,
10,30,12,0,0,5,
10,30,11,0,0,5,
10,30,10,0,0,5,
10,30,19,0,0,5,
10,30,11,0,0,5,
10,30,11,0,0,5,
10,30,12,0,0,5,
10,30,10,0,0,5,
10,31,1596,0,0,1,
10,31,2398,0,0,1,
10,31,373,0,0,1,
10,31,117,0,0,1,
10,31,47,0,0,1,
10,31,7026,0,0,1,
10,31,73,0,0,1,
10,31,16,0,0,1,
10,31,1446,0,0,1,
10,31,491,0,0,1,
10,31,63,0,0,2,
10,31,136,0,0,2,
10,31,143,0,0,2,
10,31,770,0,0,2,
10,31,14,0,0,2,
10,31,13,0,0,2,
10,31,12,0,0,2,
10,31,10,0,0,2,
10,31,15,0,0,2,
10,31,69,0,0,2,
10,31,11,0,0,3,
10,31,10,0,0,3,
10,31,10,0,0,3,
10,31,10,0,0,3,
10,31,9,0,0,3,
10,31,9,0,0,3,
10,31,9,0,0,3,
10,31,13,0,0,3,
10,31,10,0,0,3,
10,31,9,0,0,3,
10,31,10,0,0,4,
10,31,12,0,0,4,
10,31,9,0,0,4,
10,31,9,0,0,4,
10,31,13,0,0,4,
10,31,11,0,0,4,
10,31,11,0,0,4,
10,31,11,0,0,4,
10,31,10,0,0,4,
10,31,10,0,0,4,
10,31,9,0,0,5,
10,31,9,0,0,5,
10,31,12,0,0,5,
10,31,12,0,0,5,
10,31,12,0,0,5,
10,31,10,0,0,5,
10,31,9,0,0,5,
10,31,9,0,0,5,
10,31,9,0,0,5,
10,31,10,0,0,5,
10,32,4370,0,0,1,
10,32,492,0,0,1,
10,32,180,0,0,1,
10,32,212,0,0,1,
10,32,2235,0,0,1,
10,32,29,0,0,1,
10,32,45,0,0,1,
10,32,54,0,0,1,
10,32,67,0,0,1,
10,32,16,0,0,1,
10,32,85,0,0,2,
10,32,68,0,0,2,
10,32,13,0,0,2,
10,32,645,0,0,2,
10,32,24,0,0,2,
10,32,17,0,0,2,
10,32,421,0,0,2,
10,32,881,0,0,2,
10,32,9,0,0,2,
10,32,770,0,0,2,
10,32,11,0,0,3,
10,32,9,0,0,3,
10,32,10,0,0,3,
10,32,9,0,0,3,
10,32,9,0,0,3,
10,32,11,0,0,3,
10,32,9,0,0,3,
10,32,11,0,0,3,
10,32,11,0,0,3,
10,32,10,0,0,3,
10,32,9,0,0,4,
10,32,11,0,0,4,
10,32,9,0,0,4,
10,32,9,0,0,4,
10,32,11,0,0,4,
10,32,11,0,0,4,
10,32,11,0,0,4,
10,32,9,0,0,4,
10,32,10,0,0,4,
10,32,10,0,0,4,
10,32,10,0,0,5,
10,32,9,0,0,5,
10,32,9,0,0,5,
10,32,9,0,0,5,
10,32,13,0,0,5,
10,32,10,0,0,5,
10,32,9,0,0,5,
10,32,9,0,0,5,
10,32,13,0,0,5,
10,32,9,0,0,5,
10,33,154,0,0,1,
10,33,26,0,0,1,
10,33,216,0,0,1,
10,33,119,0,0,1,
10,33,1461,0,0,1,
10,33,814,0,0,1,
10,33,199,0,0,1,
10,33,133,0,0,1,
10,33,18,0,0,1,
10,33,258,0,0,1,
10,33,27,0,0,2,
10,33,153,0,0,2,
10,33,62,0,0,2,
10,33,27,0,0,2,
10,33,13,0,0,2,
10,33,25,0,0,2,
10,33,26,0,0,2,
10,33,15,0,0,2,
10,33,549,0,0,2,
10,33,15,0,0,2,
10,33,10,0,0,3,
10,33,9,0,0,3,
10,33,12,0,0,3,
10,33,9,0,0,3,
10,33,9,0,0,3,
10,33,9,0,0,3,
10,33,12,0,0,3,
10,33,9,0,0,3,
10,33,12,0,0,3,
10,33,11,0,0,3,
10,33,13,0,0,4,
10,33,9,0,0,4,
10,33,10,0,0,4,
10,33,9,0,0,4,
10,33,9,0,0,4,
10,33,10,0,0,4,
10,33,9,0,0,4,
10,33,11,0,0,4,
10,33,10,0,0,4,
10,33,10,0,0,4,
10,33,12,0,0,5,
10,33,9,0,0,5,
10,33,10,0,0,5,
10,33,10,0,0,5,
10,33,10,0,0,5,
10,33,9,0,0,5,
10,33,9,0,0,5,
10,33,11,0,0,5,
10,33,9,0,0,5,
10,33,10,0,0,5,
10,34,1161,0,0,1,
10,34,290,0,0,1,
10,34,32,0,0,1,
10,34,157,0,0,1,
10,34,31,0,0,1,
10,34,49,0,0,1,
10,34,45,0,0,1,
10,34,36,0,0,1,
10,34,517,0,0,1,
10,34,328,0,0,1,
10,34,87,0,0,2,
10,34,407,0,0,2,
10,34,72,0,0,2,
10,34,11,0,0,2,
10,34,21,0,0,2,
10,34,128,0,0,2,
10,34,98,0,0,2,
10,34,171,0,0,2,
10,34,3825,0,0,2,
10,34,15,0,0,2,
10,34,11,0,0,3,
10,34,9,0,0,3,
10,34,9,0,0,3,
10,34,10,0,0,3,
10,34,11,0,0,3,
10,34,10,0,0,3,
10,34,10,0,0,3,
10,34,9,0,0,3,
10,34,9,0,0,3,
10,34,9,0,0,3,
10,34,9,0,0,4,
10,34,9,0,0,4,
10,34,10,0,0,4,
10,34,9,0,0,4,
10,34,10,0,0,4,
10,34,10,0,0,4,
10,34,9,0,0,4,
10,34,11,0,0,4,
10,34,9,0,0,4,
10,34,12,0,0,4,
10,34,12,0,0,5,
10,34,10,0,0,5,
10,34,10,0,0,5,
10,34,9,0,0,5,
10,34,10,0,0,5,
10,34,10,0,0,5,
10,34,9,0,0,5,
10,34,10,0,0,5,
10,34,9,0,0,5,
10,34,9,0,0,5,
10,35,175,0,0,1,
10,35,293,0,0,1,
10,35,1483,0,0,1,
10,35,517,0,0,1,
10,35,30,0,0,1,
10,35,11,0,0,1,
10,35,100,0,0,1,
10,35,21,0,0,1,
10,35,320,0,0,1,
10,35,14,0,0,1,
10,35,24,0,0,2,
10,35,15,0,0,2,
10,35,20,0,0,2,
10,35,44,0,0,2,
10,35,12,0,0,2,
10,35,184,0,0,2,
10,35,17,0,0,2,
10,35,47,0,0,2,
10,35,12,0,0,2,
10,35,11,0,0,2,
10,35,9,0,0,3,
10,35,9,0,0,3,
10,35,9,0,0,3,
10,35,8,0,0,3,
10,35,9,0,0,3,
10,35,9,0,0,3,
10,35,9,0,0,3,
10,35,9,0,0,3,
10,35,9,0,0,3,
10,35,9,0,0,3,
10,35,9,0,0,4,
10,35,9,0,0,4,
10,35,9,0,0,4,
10,35,9,0,0,4,
10,35,13,0,0,4,
10,35,10,0,0,4,
10,35,9,0,0,4,
10,35,10,0,0,4,
10,35,9,0,0,4,
10,35,9,0,0,4,
10,35,9,0,0,5,
10,35,9,0,0,5,
10,35,9,0,0,5,
10,35,12,0,0,5,
10,35,12,0,0,5,
10,35,9,0,0,5,
10,35,9,0,0,5,
10,35,9,0,0,5,
10,35,9,0,0,5,
10,35,10,0,0,5,
10,36,66,0,0,1,
10,36,23,0,0,1,
10,36,10,0,0,1,
10,36,26,0,0,1,
10,36,18,0,0,1,
10,36,598,0,0,1,
10,36,198,0,0,1,
10,36,1848,0,0,1,
10,36,29,0,0,1,
10,36,27,0,0,1,
10,36,30,0,0,2,
10,36,173,0,0,2,
10,36,215,0,0,2,
10,36,22,0,0,2,
10,36,14,0,0,2,
10,36,26,0,0,2,
10,36,40,0,0,2,
10,36,25,0,0,2,
10,36,50,0,0,2,
10,36,349,0,0,2,
10,36,8,0,0,3,
10,36,9,0,0,3,
10,36,12,0,0,3,
10,36,9,0,0,3,
10,36,10,0,0,3,
10,36,9,0,0,3,
10,36,10,0,0,3,
10,36,9,0,0,3,
10,36,9,0,0,3,
10,36,9,0,0,3,
10,36,9,0,0,4,
10,36,10,0,0,4,
10,36,9,0,0,4,
10,36,10,0,0,4,
10,36,9,0,0,4,
10,36,9,0,0,4,
10,36,9,0,0,4,
10,36,9,0,0,4,
10,36,10,0,0,4,
10,36,9,0,0,4,
10,36,9,0,0,5,
10,36,9,0,0,5,
10,36,10,0,0,5,
10,36,11,0,0,5,
10,36,9,0,0,5,
10,36,10,0,0,5,
10,36,14,0,0,5,
10,36,9,0,0,5,
10,36,9,0,0,5,
10,36,9,0,0,5,
10,37,1287,0,0,1,
10,37,40,0,0,1,
10,37,109,0,0,1,
10,37,14,0,0,1,
10,37,406,0,0,1,
10,37,11,0,0,1,
10,37,12,0,0,1,
10,37,78,0,0,1,
10,37,151,0,0,1,
10,37,51,0,0,1,
10,37,35,0,0,2,
10,37,35,0,0,2,
10,37,10,0,0,2,
10,37,743,0,0,2,
10,37,29,0,0,2,
10,37,49,0,0,2,
10,37,88,0,0,2,
10,37,28,0,0,2,
10,37,88,0,0,2,
10,37,15,0,0,2,
10,37,9,0,0,3,
10,37,9,0,0,3,
10,37,9,0,0,3,
10,37,9,0,0,3,
10,37,9,0,0,3,
10,37,10,0,0,3,
10,37,11,0,0,3,
10,37,9,0,0,3,
10,37,10,0,0,3,
10,37,11,0,0,3,
10,37,9,0,0,4,
10,37,9,0,0,4,
10,37,9,0,0,4,
10,37,9,0,0,4,
10,37,9,0,0,4,
10,37,9,0,0,4,
10,37,9,0,0,4,
10,37,9,0,0,4,
10,37,9,0,0,4,
10,37,9,0,0,4,
10,37,9,0,0,5,
10,37,9,0,0,5,
10,37,9,0,0,5,
10,37,9,0,0,5,
10,37,9,0,0,5,
10,37,9,0,0,5,
10,37,9,0,0,5,
10,37,11,0,0,5,
10,37,8,0,0,5,
10,37,9,0,0,5,
10,38,12,0,0,1,
10,38,13,0,0,1,
10,38,17,0,0,1,
10,38,111,0,0,1,
10,38,50,0,0,1,
10,38,469,0,0,1,
10,38,36,0,0,1,
10,38,18,0,0,1,
10,38,49,0,0,1,
10,38,89,0,0,1,
10,38,13,0,0,2,
10,38,11,0,0,2,
10,38,10,0,0,2,
10,38,128,0,0,2,
10,38,14,0,0,2,
10,38,24,0,0,2,
10,38,12,0,0,2,
10,38,943,0,0,2,
10,38,64,0,0,2,
10,38,46,0,0,2,
10,38,9,0,0,3,
10,38,10,0,0,3,
10,38,9,0,0,3,
10,38,9,0,0,3,
10,38,11,0,0,3,
10,38,9,0,0,3,
10,38,9,0,0,3,
10,38,9,0,0,3,
10,38,9,0,0,3,
10,38,8,0,0,3,
10,38,9,0,0,4,
10,38,8,0,0,4,
10,38,10,0,0,4,
10,38,9,0,0,4,
10,38,8,0,0,4,
10,38,9,0,0,4,
10,38,9,0,0,4,
10,38,9,0,0,4,
10,38,8,0,0,4,
10,38,9,0,0,4,
10,38,9,0,0,5,
10,38,9,0,0,5,
10,38,9,0,0,5,
10,38,9,0,0,5,
10,38,9,0,0,5,
10,38,11,0,0,5,
10,38,9,0,0,5,
10,38,9,0,0,5,
10,38,9,0,0,5,
10,38,8,0,0,5,
10,39,369,0,0,1,
10,39,52,0,0,1,
10,39,120,0,0,1,
10,39,60,0,0,1,
10,39,12,0,0,1,
10,39,23,0,0,1,
10,39,366,0,0,1,
10,39,17,0,0,1,
10,39,47,0,0,1,
10,39,45,0,0,1,
10,39,18,0,0,2,
10,39,11,0,0,2,
10,39,56,0,0,2,
10,39,51,0,0,2,
10,39,13,0,0,2,
10,39,9,0,0,2,
10,39,13,0,0,2,
10,39,12,0,0,2,
10,39,12,0,0,2,
10,39,188,0,0,2,
10,39,9,0,0,3,
10,39,9,0,0,3,
10,39,9,0,0,3,
10,39,9,0,0,3,
10,39,8,0,0,3,
10,39,8,0,0,3,
10,39,9,0,0,3,
10,39,9,0,0,3,
10,39,9,0,0,3,
10,39,9,0,0,3,
10,39,9,0,0,4,
10,39,9,0,0,4,
10,39,9,0,0,4,
10,39,9,0,0,4,
10,39,9,0,0,4,
10,39,9,0,0,4,
10,39,8,0,0,4,
10,39,9,0,0,4,
10,39,9,0,0,4,
10,39,8,0,0,4,
10,39,9,0,0,5,
10,39,9,0,0,5,
10,39,9,0,0,5,
10,39,8,0,0,5,
10,39,10,0,0,5,
10,39,8,0,0,5,
10,39,9,0,0,5,
10,39,9,0,0,5,
10,39,9,0,0,5,
10,39,9,0,0,5,
10,40,17,0,0,1,
10,40,114,0,0,1,
10,40,13,0,0,1,
10,40,60,0,0,1,
10,40,89,0,0,1,
10,40,10,0,0,1,
10,40,19,0,0,1,
10,40,167,0,0,1,
10,40,11,0,0,1,
10,40,11,0,0,1,
10,40,13,0,0,2,
10,40,9,0,0,2,
10,40,29,0,0,2,
10,40,9,0,0,2,
10,40,8,0,0,2,
10,40,123,0,0,2,
10,40,32,0,0,2,
10,40,20,0,0,2,
10,40,34,0,0,2,
10,40,16,0,0,2,
10,40,8,0,0,3,
10,40,8,0,0,3,
10,40,9,0,0,3,
10,40,9,0,0,3,
10,40,9,0,0,3,
10,40,8,0,0,3,
10,40,9,0,0,3,
10,40,10,0,0,3,
10,40,9,0,0,3,
10,40,9,0,0,3,
10,40,9,0,0,4,
10,40,9,0,0,4,
10,40,9,0,0,4,
10,40,9,0,0,4,
10,40,8,0,0,4,
10,40,9,0,0,4,
10,40,10,0,0,4,
10,40,8,0,0,4,
10,40,9,0,0,4,
10,40,8,0,0,4,
10,40,9,0,0,5,
10,40,8,0,0,5,
10,40,9,0,0,5,
10,40,9,0,0,5,
10,40,9,0,0,5,
10,40,9,0,0,5,
10,40,9,0,0,5,
10,40,9,0,0,5,
10,40,8,0,0,5,
10,40,8,0,0,5,
10,41,26,0,0,1,
10,41,99,0,0,1,
10,41,17,0,0,1,
10,41,36,0,0,1,
10,41,351,0,0,1,
10,41,208,0,0,1,
10,41,10,0,0,1,
10,41,20,0,0,1,
10,41,3604,0,0,1,
10,41,175,0,0,1,
10,41,11,0,0,2,
10,41,12,0,0,2,
10,41,11,0,0,2,
10,41,13,0,0,2,
10,41,22,0,0,2,
10,41,10,0,0,2,
10,41,16,0,0,2,
10,41,15,0,0,2,
10,41,10,0,0,2,
10,41,11,0,0,2,
10,41,9,0,0,3,
10,41,8,0,0,3,
10,41,9,0,0,3,
10,41,9,0,0,3,
10,41,9,0,0,3,
10,41,9,0,0,3,
10,41,9,0,0,3,
10,41,9,0,0,3,
10,41,9,0,0,3,
10,41,9,0,0,3,
10,41,9,0,0,4,
10,41,8,0,0,4,
10,41,8,0,0,4,
10,41,9,0,0,4,
10,41,9,0,0,4,
10,41,9,0,0,4,
10,41,8,0,0,4,
10,41,9,0,0,4,
10,41,9,0,0,4,
10,41,9,0,0,4,
10,41,9,0,0,5,
10,41,8,0,0,5,
10,41,9,0,0,5,
10,41,9,0,0,5,
10,41,8,0,0,5,
10,41,8,0,0,5,
10,41,9,0,0,5,
10,41,9,0,0,5,
10,41,8,0,0,5,
10,41,9,0,0,5,
10,42,11,0,0,1,
10,42,25,0,0,1,
10,42,14,0,0,1,
10,42,74,0,0,1,
10,42,36,0,0,1,
10,42,10,0,0,1,
10,42,10,0,0,1,
10,42,29,0,0,1,
10,42,10,0,0,1,
10,42,22,0,0,1,
10,42,18,0,0,2,
10,42,382,0,0,2,
10,42,13,0,0,2,
10,42,11,0,0,2,
10,42,11,0,0,2,
10,42,14,0,0,2,
10,42,12,0,0,2,
10,42,8,0,0,2,
10,42,10,0,0,2,
10,42,29,0,0,2,
10,42,9,0,0,3,
10,42,9,0,0,3,
10,42,8,0,0,3,
10,42,8,0,0,3,
10,42,9,0,0,3,
10,42,9,0,0,3,
10,42,9,0,0,3,
10,42,8,0,0,3,
10,42,9,0,0,3,
10,42,8,0,0,3,
10,42,8,0,0,4,
10,42,9,0,0,4,
10,42,8,0,0,4,
10,42,12,0,0,4,
10,42,9,0,0,4,
10,42,9,0,0,4,
10,42,8,0,0,4,
10,42,8,0,0,4,
10,42,9,0,0,4,
10,42,8,0,0,4,
10,42,9,0,0,5,
10,42,9,0,0,5,
10,42,8,0,0,5,
10,42,10,0,0,5,
10,42,8,0,0,5,
10,42,9,0,0,5,
10,42,9,0,0,5,
10,42,9,0,0,5,
10,42,8,0,0,5,
10,42,9,0,0,5,
10,43,10,0,0,1,
10,43,110,0,0,1,
10,43,147,0,0,1,
10,43,270,0,0,1,
10,43,16,0,0,1,
10,43,37,0,0,1,
10,43,18,0,0,1,
10,43,27,0,0,1,
10,43,66,0,0,1,
10,43,84,0,0,1,
10,43,10,0,0,2,
10,43,20,0,0,2,
10,43,219,0,0,2,
10,43,10,0,0,2,
10,43,13,0,0,2,
10,43,9,0,0,2,
10,43,14,0,0,2,
10,43,16,0,0,2,
10,43,76,0,0,2,
10,43,10,0,0,2,
10,43,8,0,0,3,
10,43,9,0,0,3,
10,43,8,0,0,3,
10,43,8,0,0,3,
10,43,9,0,0,3,
10,43,8,0,0,3,
10,43,9,0,0,3,
10,43,9,0,0,3,
10,43,9,0,0,3,
10,43,8,0,0,3,
10,43,8,0,0,4,
10,43,8,0,0,4,
10,43,8,0,0,4,
10,43,8,0,0,4,
10,43,8,0,0,4,
10,43,8,0,0,4,
10,43,9,0,0,4,
10,43,8,0,0,4,
10,43,8,0,0,4,
10,43,9,0,0,4,
10,43,8,0,0,5,
10,43,9,0,0,5,
10,43,9,0,0,5,
10,43,9,0,0,5,
10,43,8,0,0,5,
10,43,8,0,0,5,
10,43,9,0,0,5,
10,43,9,0,0,5,
10,43,8,0,0,5,
10,43,8,0,0,5,
10,44,12,0,0,1,
10,44,13,0,0,1,
10,44,17,0,0,1,
10,44,10,0,0,1,
10,44,80,0,0,1,
10,44,33,0,0,1,
10,44,20,0,0,1,
10,44,13,0,0,1,
10,44,13,0,0,1,
10,44,14,0,0,1,
10,44,8,0,0,2,
10,44,54,0,0,2,
10,44,52,0,0,2,
10,44,12,0,0,2,
10,44,9,0,0,2,
10,44,11,0,0,2,
10,44,9,0,0,2,
10,44,11,0,0,2,
10,44,9,0,0,2,
10,44,9,0,0,2,
10,44,8,0,0,3,
10,44,8,0,0,3,
10,44,9,0,0,3,
10,44,8,0,0,3,
10,44,8,0,0,3,
10,44,8,0,0,3,
10,44,9,0,0,3,
10,44,8,0,0,3,
10,44,8,0,0,3,
10,44,8,0,0,3,
10,44,8,0,0,4,
10,44,8,0,0,4,
10,44,9,0,0,4,
10,44,8,0,0,4,
10,44,8,0,0,4,
10,44,9,0,0,4,
10,44,8,0,0,4,
10,44,8,0,0,4,
10,44,9,0,0,4,
10,44,9,0,0,4,
10,44,9,0,0,5,
10,44,8,0,0,5,
10,44,8,0,0,5,
10,44,9,0,0,5,
10,44,8,0,0,5,
10,44,9,0,0,5,
10,44,9,0,0,5,
10,44,9,0,0,5,
10,44,8,0,0,5,
10,44,8,0,0,5,
10,45,11,0,0,1,
10,45,31,0,0,1,
10,45,21,0,0,1,
10,45,12,0,0,1,
10,45,12,0,0,1,
10,45,11,0,0,1,
10,45,34,0,0,1,
10,45,13,0,0,1,
10,45,26,0,0,1,
10,45,20,0,0,1,
10,45,11,0,0,2,
10,45,35,0,0,2,
10,45,11,0,0,2,
10,45,9,0,0,2,
10,45,15,0,0,2,
10,45,23,0,0,2,
10,45,14,0,0,2,
10,45,11,0,0,2,
10,45,15,0,0,2,
10,45,18,0,0,2,
10,45,9,0,0,3,
10,45,8,0,0,3,
10,45,9,0,0,3,
10,45,8,0,0,3,
10,45,8,0,0,3,
10,45,8,0,0,3,
10,45,9,0,0,3,
10,45,9,0,0,3,
10,45,8,0,0,3,
10,45,8,0,0,3,
10,45,8,0,0,4,
10,45,8,0,0,4,
10,45,8,0,0,4,
10,45,8,0,0,4,
10,45,8,0,0,4,
10,45,8,0,0,4,
10,45,8,0,0,4,
10,45,8,0,0,4,
10,45,8,0,0,4,
10,45,9,0,0,4,
10,45,8,0,0,5,
10,45,8,0,0,5,
10,45,8,0,0,5,
10,45,9,0,0,5,
10,45,8,0,0,5,
10,45,9,0,0,5,
10,45,8,0,0,5,
10,45,9,0,0,5,
10,45,9,0,0,5,
10,45,8,0,0,5,
10,46,36,0,0,1,
10,46,96,0,0,1,
10,46,10,0,0,1,
10,46,12,0,0,1,
10,46,65,0,0,1,
10,46,43,0,0,1,
10,46,88,0,0,1,
10,46,10,0,0,1,
10,46,10,0,0,1,
10,46,13,0,0,1,
10,46,13,0,0,2,
10,46,109,0,0,2,
10,46,14,0,0,2,
10,46,12,0,0,2,
10,46,11,0,0,2,
10,46,14,0,0,2,
10,46,10,0,0,2,
10,46,11,0,0,2,
10,46,12,0,0,2,
10,46,25,0,0,2,
10,46,9,0,0,3,
10,46,8,0,0,3,
10,46,9,0,0,3,
10,46,8,0,0,3,
10,46,8,0,0,3,
10,46,8,0,0,3,
10,46,8,0,0,3,
10,46,9,0,0,3,
10,46,9,0,0,3,
10,46,9,0,0,3,
10,46,9,0,0,4,
10,46,8,0,0,4,
10,46,9,0,0,4,
10,46,9,0,0,4,
10,46,8,0,0,4,
10,46,8,0,0,4,
10,46,8,0,0,4,
10,46,8,0,0,4,
10,46,9,0,0,4,
10,46,8,0,0,4,
10,46,8,0,0,5,
10,46,8,0,0,5,
10,46,9,0,0,5,
10,46,8,0,0,5,
10,46,8,0,0,5,
10,46,8,0,0,5,
10,46,8,0,0,5,
10,46,8,0,0,5,
10,46,8,0,0,5,
10,46,8,0,0,5,
10,47,26,0,0,1,
10,47,288,0,0,1,
10,47,23,0,0,1,
10,47,10,0,0,1,
10,47,35,0,0,1,
10,47,25,0,0,1,
10,47,14,0,0,1,
10,47,20,0,0,1,
10,47,53,0,0,1,
10,47,12,0,0,1,
10,47,13,0,0,2,
10,47,13,0,0,2,
10,47,17,0,0,2,
10,47,8,0,0,2,
10,47,37,0,0,2,
10,47,8,0,0,2,
10,47,32,0,0,2,
10,47,10,0,0,2,
10,47,9,0,0,2,
10,47,11,0,0,2,
10,47,9,0,0,3,
10,47,8,0,0,3,
10,47,8,0,0,3,
10,47,8,0,0,3,
10,47,8,0,0,3,
10,47,9,0,0,3,
10,47,8,0,0,3,
10,47,8,0,0,3,
10,47,8,0,0,3,
10,47,8,0,0,3,
10,47,8,0,0,4,
10,47,8,0,0,4,
10,47,8,0,0,4,
10,47,8,0,0,4,
10,47,8,0,0,4,
10,47,8,0,0,4,
10,47,8,0,0,4,
10,47,8,0,0,4,
10,47,8,0,0,4,
10,47,8,0,0,4,
10,47,8,0,0,5,
10,47,8,0,0,5,
10,47,9,0,0,5,
10,47,8,0,0,5,
10,47,9,0,0,5,
10,47,8,0,0,5,
10,47,9,0,0,5,
10,47,8,0,0,5,
10,47,8,0,0,5,
10,47,8,0,0,5,
10,48,193,0,0,1,
10,48,29,0,0,1,
10,48,30,0,0,1,
10,48,23,0,0,1,
10,48,15,0,0,1,
10,48,17,0,0,1,
10,48,10,0,0,1,
10,48,62,0,0,1,
10,48,20,0,0,1,
10,48,27,0,0,1,
10,48,8,0,0,2,
10,48,12,0,0,2,
10,48,9,0,0,2,
10,48,9,0,0,2,
10,48,8,0,0,2,
10,48,17,0,0,2,
10,48,9,0,0,2,
10,48,9,0,0,2,
10,48,15,0,0,2,
10,48,9,0,0,2,
10,48,8,0,0,3,
10,48,8,0,0,3,
10,48,8,0,0,3,
10,48,8,0,0,3,
10,48,8,0,0,3,
10,48,8,0,0,3,
10,48,8,0,0,3,
10,48,8,0,0,3,
10,48,8,0,0,3,
10,48,8,0,0,3,
10,48,8,0,0,4,
10,48,8,0,0,4,
10,48,8,0,0,4,
10,48,8,0,0,4,
10,48,8,0,0,4,
10,48,9,0,0,4,
10,48,8,0,0,4,
10,48,8,0,0,4,
10,48,8,0,0,4,
10,48,9,0,0,4,
10,48,8,0,0,5,
10,48,8,0,0,5,
10,48,8,0,0,5,
10,48,8,0,0,5,
10,48,8,0,0,5,
10,48,8,0,0,5,
10,48,8,0,0,5,
10,48,8,0,0,5,
10,48,8,0,0,5,
10,48,8,0,0,5,
10,49,14,0,0,1,
10,49,17,0,0,1,
10,49,10,0,0,1,
10,49,42,0,0,1,
10,49,10,0,0,1,
10,49,22,0,0,1,
10,49,45,0,0,1,
10,49,12,0,0,1,
10,49,52,0,0,1,
10,49,27,0,0,1,
10,49,12,0,0,2,
10,49,13,0,0,2,
10,49,10,0,0,2,
10,49,12,0,0,2,
10,49,9,0,0,2,
10,49,17,0,0,2,
10,49,13,0,0,2,
10,49,9,0,0,2,
10,49,8,0,0,2,
10,49,10,0,0,2,
10,49,8,0,0,3,
10,49,8,0,0,3,
10,49,8,0,0,3,
10,49,8,0,0,3,
10,49,8,0,0,3,
10,49,8,0,0,3,
10,49,8,0,0,3,
10,49,8,0,0,3,
10,49,8,0,0,3,
10,49,8,0,0,3,
10,49,8,0,0,4,
10,49,8,0,0,4,
10,49,8,0,0,4,
10,49,7,0,0,4,
10,49,8,0,0,4,
10,49,8,0,0,4,
10,49,8,0,0,4,
10,49,8,0,0,4,
10,49,8,0,0,4,
10,49,8,0,0,4,
10,49,8,0,0,5,
10,49,8,0,0,5,
10,49,8,0,0,5,
10,49,8,0,0,5,
10,49,9,0,0,5,
10,49,8,0,0,5,
10,49,8,0,0,5,
10,49,8,0,0,5,
10,49,8,0,0,5,
10,49,8,0,0,5,
10,50,11,0,0,1,
10,50,11,0,0,1,
10,50,17,0,0,1,
10,50,24,0,0,1,
10,50,31,0,0,1,
10,50,29,0,0,1,
10,50,20,0,0,1,
10,50,9,0,0,1,
10,50,17,0,0,1,
10,50,22,0,0,1,
10,50,10,0,0,2,
10,50,8,0,0,2,
10,50,40,0,0,2,
10,50,11,0,0,2,
10,50,8,0,0,2,
10,50,11,0,0,2,
10,50,9,0,0,2,
10,50,10,0,0,2,
10,50,9,0,0,2,
10,50,11,0,0,2,
10,50,8,0,0,3,
10,50,8,0,0,3,
10,50,8,0,0,3,
10,50,7,0,0,3,
10,50,8,0,0,3,
10,50,7,0,0,3,
10,50,8,0,0,3,
10,50,8,0,0,3,
10,50,8,0,0,3,
10,50,8,0,0,3,
10,50,8,0,0,4,
10,50,8,0,0,4,
10,50,8,0,0,4,
10,50,7,0,0,4,
10,50,8,0,0,4,
10,50,8,0,0,4,
10,50,8,0,0,4,
10,50,7,0,0,4,
10,50,7,0,0,4,
10,50,8,0,0,4,
10,50,8,0,0,5,
10,50,8,0,0,5,
10,50,7,0,0,5,
10,50,8,0,0,5,
10,50,8,0,0,5,
10,50,8,0,0,5,
10,50,8,0,0,5,
10,50,8,0,0,5,
10,50,8,0,0,5,
10,50,7,0,0,5,
