1,0,0,0,1,1,
1,0,0,0,1,1,
1,0,1,0,1,1,
1,0,0,0,1,1,
1,0,1,0,1,1,
1,0,0,0,1,1,
1,0,1,0,1,1,
1,0,0,0,1,1,
1,0,1,0,1,1,
1,0,0,0,1,1,
1,0,1,0,1,1,
1,0,0,0,1,1,
1,0,1,0,1,1,
1,0,0,0,1,1,
1,0,1,0,1,1,
1,0,0,0,1,2,
1,0,0,0,1,2,
1,0,0,0,1,2,
1,0,0,0,1,2,
1,0,1,0,1,2,
1,0,0,0,1,2,
1,0,1,0,1,2,
1,0,0,0,1,2,
1,0,1,0,1,2,
1,0,0,0,1,2,
1,0,0,0,1,2,
1,0,1,0,1,2,
1,0,0,0,1,2,
1,0,1,0,1,2,
1,0,0,0,1,2,
1,0,1,0,1,3,
1,0,0,0,1,3,
1,0,1,0,1,3,
1,0,0,0,1,3,
1,0,0,0,1,3,
1,0,0,0,1,3,
1,0,0,0,1,3,
1,0,1,0,1,3,
1,0,0,0,1,3,
1,0,1,0,1,3,
1,0,0,0,1,3,
1,0,1,0,1,3,
1,0,0,0,1,3,
1,0,1,0,1,3,
1,0,0,0,1,3,
1,0,1,0,1,4,
1,0,0,0,1,4,
1,0,1,0,1,4,
1,0,0,0,1,4,
1,0,1,0,1,4,
1,0,0,0,1,4,
1,0,1,0,1,4,
1,0,0,0,1,4,
1,0,1,0,1,4,
1,0,0,0,1,4,
1,0,1,0,1,4,
1,0,0,0,1,4,
1,0,1,0,1,4,
1,0,0,0,1,4,
1,0,1,0,1,4,
1,0,0,0,1,5,
1,0,1,0,1,5,
1,0,1,0,1,5,
1,0,0,0,1,5,
1,0,1,0,1,5,
1,0,1,0,1,5,
1,0,0,0,1,5,
1,0,1,0,1,5,
1,0,0,0,1,5,
1,0,1,0,1,5,
1,0,1,0,1,5,
1,0,0,0,1,5,
1,0,1,0,1,5,
1,0,0,0,1,5,
1,0,0,0,1,5,
2,0,3,0,1,1,
2,0,3,0,1,1,
2,0,3,0,1,1,
2,0,3,0,1,1,
2,0,4,0,1,1,
2,0,4,0,1,1,
2,0,4,0,1,1,
2,0,4,0,1,1,
2,0,4,0,1,1,
2,0,4,0,1,1,
2,0,4,0,1,1,
2,0,4,0,1,1,
2,0,4,0,1,1,
2,0,4,0,1,1,
2,0,4,0,1,1,
2,0,3,0,1,2,
2,0,2,0,1,2,
2,0,3,0,1,2,
2,0,3,0,1,2,
2,0,3,0,1,2,
2,0,3,0,1,2,
2,0,3,0,1,2,
2,0,3,0,1,2,
2,0,3,0,1,2,
2,0,3,0,1,2,
2,0,3,0,1,2,
2,0,3,0,1,2,
2,0,4,0,1,2,
2,0,3,0,1,2,
2,0,3,0,1,2,
2,0,3,0,1,3,
2,0,4,0,1,3,
2,0,3,0,1,3,
2,0,3,0,1,3,
2,0,3,0,1,3,
2,0,4,0,1,3,
2,0,3,0,1,3,
2,0,4,0,1,3,
2,0,3,0,1,3,
2,0,4,0,1,3,
2,0,3,0,1,3,
2,0,3,0,1,3,
2,0,3,0,1,3,
2,0,4,0,1,3,
2,0,3,0,1,3,
2,0,4,0,1,4,
2,0,4,0,1,4,
2,0,4,0,1,4,
2,0,4,0,1,4,
2,0,4,0,1,4,
2,0,4,0,1,4,
2,0,4,0,1,4,
2,0,4,0,1,4,
2,0,4,0,1,4,
2,0,4,0,1,4,
2,0,4,0,1,4,
2,0,4,0,1,4,
2,0,4,0,1,4,
2,0,4,0,1,4,
2,0,4,0,1,4,
2,0,4,0,1,5,
2,0,4,0,1,5,
2,0,4,0,1,5,
2,0,4,0,1,5,
2,0,4,0,1,5,
2,0,4,0,1,5,
2,0,4,0,1,5,
2,0,4,0,1,5,
2,0,4,0,1,5,
2,0,5,0,1,5,
2,0,4,0,1,5,
2,0,5,0,1,5,
2,0,4,0,1,5,
2,0,5,0,1,5,
2,0,5,0,1,5,
2,1,6,0,1,1,
2,1,5,0,1,1,
2,1,5,0,1,1,
2,1,6,0,1,1,
2,1,5,0,1,1,
2,1,6,0,1,1,
2,1,5,0,1,1,
2,1,5,0,1,1,
2,1,6,0,1,1,
2,1,5,0,1,1,
2,1,6,0,1,1,
2,1,6,0,1,1,
2,1,5,0,1,1,
2,1,7,0,1,1,
2,1,6,0,1,1,
2,1,4,0,1,2,
2,1,4,0,1,2,
2,1,4,0,1,2,
2,1,4,0,1,2,
2,1,4,0,1,2,
2,1,4,0,1,2,
2,1,4,0,1,2,
2,1,4,0,1,2,
2,1,4,0,1,2,
2,1,4,0,1,2,
2,1,4,0,1,2,
2,1,4,0,1,2,
2,1,4,0,1,2,
2,1,4,0,1,2,
2,1,4,0,1,2,
2,1,4,0,1,3,
2,1,4,0,1,3,
2,1,4,0,1,3,
2,1,4,0,1,3,
2,1,4,0,1,3,
2,1,4,0,1,3,
2,1,4,0,1,3,
2,1,4,0,1,3,
2,1,4,0,1,3,
2,1,4,0,1,3,
2,1,4,0,1,3,
2,1,5,0,1,3,
2,1,4,0,1,3,
2,1,4,0,1,3,
2,1,4,0,1,3,
2,1,4,0,1,4,
2,1,4,0,1,4,
2,1,5,0,1,4,
2,1,4,0,1,4,
2,1,5,0,1,4,
2,1,5,0,1,4,
2,1,4,0,1,4,
2,1,5,0,1,4,
2,1,4,0,1,4,
2,1,5,0,1,4,
2,1,5,0,1,4,
2,1,4,0,1,4,
2,1,5,0,1,4,
2,1,5,0,1,4,
2,1,5,0,1,4,
2,1,5,0,1,5,
2,1,5,0,1,5,
2,1,5,0,1,5,
2,1,5,0,1,5,
2,1,5,0,1,5,
2,1,5,0,1,5,
2,1,5,0,1,5,
2,1,5,0,1,5,
2,1,5,0,1,5,
2,1,5,0,1,5,
2,1,6,0,1,5,
2,1,5,0,1,5,
2,1,5,0,1,5,
2,1,5,0,1,5,
2,1,6,0,1,5,
3,0,25,0,1,1,
3,0,25,0,1,1,
3,0,25,0,1,1,
3,0,26,0,1,1,
3,0,26,0,1,1,
3,0,27,0,1,1,
3,0,27,0,1,1,
3,0,27,0,1,1,
3,0,27,0,1,1,
3,0,27,0,1,1,
3,0,28,0,1,1,
3,0,27,0,1,1,
3,0,27,0,1,1,
3,0,28,0,1,1,
3,0,28,0,1,1,
3,0,18,0,1,2,
3,0,17,0,1,2,
3,0,18,0,1,2,
3,0,18,0,1,2,
3,0,18,0,1,2,
3,0,18,0,1,2,
3,0,18,0,1,2,
3,0,17,0,1,2,
3,0,18,0,1,2,
3,0,18,0,1,2,
3,0,19,0,1,2,
3,0,19,0,1,2,
3,0,18,0,1,2,
3,0,18,0,1,2,
3,0,18,0,1,2,
3,0,19,0,1,3,
3,0,18,0,1,3,
3,0,19,0,1,3,
3,0,19,0,1,3,
3,0,19,0,1,3,
3,0,19,0,1,3,
3,0,19,0,1,3,
3,0,19,0,1,3,
3,0,19,0,1,3,
3,0,19,0,1,3,
3,0,19,0,1,3,
3,0,20,0,1,3,
3,0,19,0,1,3,
3,0,19,0,1,3,
3,0,20,0,1,3,
3,0,20,0,1,4,
3,0,20,0,1,4,
3,0,20,0,1,4,
3,0,20,0,1,4,
3,0,20,0,1,4,
3,0,20,0,1,4,
3,0,21,0,1,4,
3,0,19,0,1,4,
3,0,20,0,1,4,
3,0,20,0,1,4,
3,0,20,0,1,4,
3,0,20,0,1,4,
3,0,20,0,1,4,
3,0,20,0,1,4,
3,0,21,0,1,4,
3,0,21,0,1,5,
3,0,21,0,1,5,
3,0,21,0,1,5,
3,0,21,0,1,5,
3,0,22,0,1,5,
3,0,22,0,1,5,
3,0,22,0,1,5,
3,0,22,0,1,5,
3,0,22,0,1,5,
3,0,22,0,1,5,
3,0,23,0,1,5,
3,0,23,0,1,5,
3,0,23,0,1,5,
3,0,23,0,1,5,
3,0,23,0,1,5,
3,1,33,0,1,1,
3,1,36,0,1,1,
3,1,36,0,1,1,
3,1,35,0,1,1,
3,1,36,0,1,1,
3,1,36,0,1,1,
3,1,36,0,1,1,
3,1,36,0,1,1,
3,1,36,0,1,1,
3,1,37,0,1,1,
3,1,36,0,1,1,
3,1,37,0,1,1,
3,1,37,0,1,1,
3,1,37,0,1,1,
3,1,38,0,1,1,
3,1,23,0,1,2,
3,1,24,0,1,2,
3,1,24,0,1,2,
3,1,23,0,1,2,
3,1,24,0,1,2,
3,1,23,0,1,2,
3,1,24,0,1,2,
3,1,24,0,1,2,
3,1,24,0,1,2,
3,1,24,0,1,2,
3,1,24,0,1,2,
3,1,24,0,1,2,
3,1,24,0,1,2,
3,1,23,0,1,2,
3,1,24,0,1,2,
3,1,23,0,1,3,
3,1,23,0,1,3,
3,1,23,0,1,3,
3,1,24,0,1,3,
3,1,24,0,1,3,
3,1,24,0,1,3,
3,1,24,0,1,3,
3,1,24,0,1,3,
3,1,23,0,1,3,
3,1,23,0,1,3,
3,1,23,0,1,3,
3,1,23,0,1,3,
3,1,24,0,1,3,
3,1,24,0,1,3,
3,1,23,0,1,3,
3,1,24,0,1,4,
3,1,24,0,1,4,
3,1,24,0,1,4,
3,1,25,0,1,4,
3,1,25,0,1,4,
3,1,25,0,1,4,
3,1,24,0,1,4,
3,1,25,0,1,4,
3,1,25,0,1,4,
3,1,25,0,1,4,
3,1,25,0,1,4,
3,1,25,0,1,4,
3,1,25,0,1,4,
3,1,25,0,1,4,
3,1,25,0,1,4,
3,1,25,0,1,5,
3,1,25,0,1,5,
3,1,25,0,1,5,
3,1,26,0,1,5,
3,1,26,0,1,5,
3,1,25,0,1,5,
3,1,26,0,1,5,
3,1,26,0,1,5,
3,1,26,0,1,5,
3,1,26,0,1,5,
3,1,27,0,1,5,
3,1,27,0,1,5,
3,1,27,0,1,5,
3,1,26,0,1,5,
3,1,27,0,1,5,
4,0,89,0,1,1,
4,0,95,0,1,1,
4,0,96,0,1,1,
4,0,95,0,1,1,
4,0,95,0,1,1,
4,0,95,0,1,1,
4,0,95,0,1,1,
4,0,96,0,1,1,
4,0,95,0,1,1,
4,0,96,0,1,1,
4,0,99,0,1,1,
4,0,99,0,1,1,
4,0,99,0,1,1,
4,0,101,0,1,1,
4,0,100,0,1,1,
4,0,61,0,1,2,
4,0,61,0,1,2,
4,0,61,0,1,2,
4,0,61,0,1,2,
4,0,62,0,1,2,
4,0,61,0,1,2,
4,0,61,0,1,2,
4,0,60,0,1,2,
4,0,61,0,1,2,
4,0,60,0,1,2,
4,0,62,0,1,2,
4,0,62,0,1,2,
4,0,61,0,1,2,
4,0,62,0,1,2,
4,0,63,0,1,2,
4,0,62,0,1,3,
4,0,62,0,1,3,
4,0,62,0,1,3,
4,0,63,0,1,3,
4,0,63,0,1,3,
4,0,63,0,1,3,
4,0,62,0,1,3,
4,0,64,0,1,3,
4,0,64,0,1,3,
4,0,64,0,1,3,
4,0,64,0,1,3,
4,0,64,0,1,3,
4,0,65,0,1,3,
4,0,65,0,1,3,
4,0,64,0,1,3,
4,0,67,0,1,4,
4,0,67,0,1,4,
4,0,67,0,1,4,
4,0,68,0,1,4,
4,0,68,0,1,4,
4,0,68,0,1,4,
4,0,69,0,1,4,
4,0,68,0,1,4,
4,0,69,0,1,4,
4,0,70,0,1,4,
4,0,69,0,1,4,
4,0,70,0,1,4,
4,0,69,0,1,4,
4,0,70,0,1,4,
4,0,71,0,1,4,
4,0,71,0,1,5,
4,0,71,0,1,5,
4,0,72,0,1,5,
4,0,72,0,1,5,
4,0,72,0,1,5,
4,0,72,0,1,5,
4,0,73,0,1,5,
4,0,72,0,1,5,
4,0,73,0,1,5,
4,0,73,0,1,5,
4,0,74,0,1,5,
4,0,73,0,1,5,
4,0,74,0,1,5,
4,0,75,0,1,5,
4,0,74,0,1,5,
4,1,118,0,1,1,
4,1,120,0,1,1,
4,1,122,0,1,1,
4,1,119,0,1,1,
4,1,121,0,1,1,
4,1,119,0,1,1,
4,1,117,0,1,1,
4,1,122,0,1,1,
4,1,119,0,1,1,
4,1,122,0,1,1,
4,1,119,0,1,1,
4,1,121,0,1,1,
4,1,123,0,1,1,
4,1,121,0,1,1,
4,1,123,0,1,1,
4,1,75,0,1,2,
4,1,75,0,1,2,
4,1,74,0,1,2,
4,1,69,0,1,2,
4,1,72,0,1,2,
4,1,74,0,1,2,
4,1,71,0,1,2,
4,1,72,0,1,2,
4,1,72,0,1,2,
4,1,76,0,1,2,
4,1,72,0,1,2,
4,1,74,0,1,2,
4,1,78,0,1,2,
4,1,78,0,1,2,
4,1,76,0,1,2,
4,1,76,0,1,3,
4,1,75,0,1,3,
4,1,78,0,1,3,
4,1,78,0,1,3,
4,1,75,0,1,3,
4,1,74,0,1,3,
4,1,77,0,1,3,
4,1,75,0,1,3,
4,1,74,0,1,3,
4,1,77,0,1,3,
4,1,78,0,1,3,
4,1,78,0,1,3,
4,1,76,0,1,3,
4,1,78,0,1,3,
4,1,77,0,1,3,
4,1,79,0,1,4,
4,1,77,0,1,4,
4,1,79,0,1,4,
4,1,80,0,1,4,
4,1,80,0,1,4,
4,1,79,0,1,4,
4,1,79,0,1,4,
4,1,81,0,1,4,
4,1,80,0,1,4,
4,1,80,0,1,4,
4,1,80,0,1,4,
4,1,81,0,1,4,
4,1,80,0,1,4,
4,1,82,0,1,4,
4,1,82,0,1,4,
4,1,83,0,1,5,
4,1,82,0,1,5,
4,1,81,0,1,5,
4,1,85,0,1,5,
4,1,83,0,1,5,
4,1,84,0,1,5,
4,1,85,0,1,5,
4,1,83,0,1,5,
4,1,85,0,1,5,
4,1,84,0,1,5,
4,1,84,0,1,5,
4,1,82,0,1,5,
4,1,87,0,1,5,
4,1,85,0,1,5,
4,1,86,0,1,5,
4,2,138,0,1,1,
4,2,143,0,1,1,
4,2,142,0,1,1,
4,2,144,0,1,1,
4,2,142,0,1,1,
4,2,147,0,1,1,
4,2,146,0,1,1,
4,2,144,0,1,1,
4,2,140,0,1,1,
4,2,145,0,1,1,
4,2,150,0,1,1,
4,2,143,0,1,1,
4,2,142,0,1,1,
4,2,145,0,1,1,
4,2,144,0,1,1,
4,2,89,0,1,2,
4,2,86,0,1,2,
4,2,87,0,1,2,
4,2,84,0,1,2,
4,2,86,0,1,2,
4,2,88,0,1,2,
4,2,90,0,1,2,
4,2,87,0,1,2,
4,2,83,0,1,2,
4,2,87,0,1,2,
4,2,87,0,1,2,
4,2,86,0,1,2,
4,2,88,0,1,2,
4,2,89,0,1,2,
4,2,87,0,1,2,
4,2,85,0,1,3,
4,2,83,0,1,3,
4,2,83,0,1,3,
4,2,86,0,1,3,
4,2,85,0,1,3,
4,2,85,0,1,3,
4,2,86,0,1,3,
4,2,86,0,1,3,
4,2,86,0,1,3,
4,2,88,0,1,3,
4,2,87,0,1,3,
4,2,89,0,1,3,
4,2,89,0,1,3,
4,2,89,0,1,3,
4,2,89,0,1,3,
4,2,87,0,1,4,
4,2,88,0,1,4,
4,2,85,0,1,4,
4,2,90,0,1,4,
4,2,91,0,1,4,
4,2,87,0,1,4,
4,2,91,0,1,4,
4,2,88,0,1,4,
4,2,89,0,1,4,
4,2,88,0,1,4,
4,2,91,0,1,4,
4,2,89,0,1,4,
4,2,89,0,1,4,
4,2,89,0,1,4,
4,2,92,0,1,4,
4,2,93,0,1,5,
4,2,88,0,1,5,
4,2,94,0,1,5,
4,2,91,0,1,5,
4,2,91,0,1,5,
4,2,94,0,1,5,
4,2,94,0,1,5,
4,2,92,0,1,5,
4,2,93,0,1,5,
4,2,93,0,1,5,
4,2,94,0,1,5,
4,2,94,0,1,5,
4,2,92,0,1,5,
4,2,97,0,1,5,
4,2,96,0,1,5,
5,0,282,0,1,1,
5,0,290,0,1,1,
5,0,298,0,1,1,
5,0,298,0,1,1,
5,0,297,0,1,1,
5,0,298,0,1,1,
5,0,297,0,1,1,
5,0,298,0,1,1,
5,0,297,0,1,1,
5,0,297,0,1,1,
5,0,297,0,1,1,
5,0,305,0,1,1,
5,0,304,0,1,1,
5,0,305,0,1,1,
5,0,293,0,1,1,
5,0,182,0,1,2,
5,0,183,0,1,2,
5,0,183,0,1,2,
5,0,183,0,1,2,
5,0,183,0,1,2,
5,0,183,0,1,2,
5,0,183,0,1,2,
5,0,191,0,1,2,
5,0,191,0,1,2,
5,0,191,0,1,2,
5,0,190,0,1,2,
5,0,189,0,1,2,
5,0,191,0,1,2,
5,0,190,0,1,2,
5,0,192,0,1,2,
5,0,185,0,1,3,
5,0,185,0,1,3,
5,0,186,0,1,3,
5,0,196,0,1,3,
5,0,186,0,1,3,
5,0,186,0,1,3,
5,0,186,0,1,3,
5,0,187,0,1,3,
5,0,188,0,1,3,
5,0,189,0,1,3,
5,0,188,0,1,3,
5,0,190,0,1,3,
5,0,190,0,1,3,
5,0,189,0,1,3,
5,0,191,0,1,3,
5,0,192,0,1,4,
5,0,194,0,1,4,
5,0,194,0,1,4,
5,0,195,0,1,4,
5,0,195,0,1,4,
5,0,196,0,1,4,
5,0,195,0,1,4,
5,0,197,0,1,4,
5,0,196,0,1,4,
5,0,196,0,1,4,
5,0,198,0,1,4,
5,0,197,0,1,4,
5,0,199,0,1,4,
5,0,199,0,1,4,
5,0,199,0,1,4,
5,0,200,0,1,5,
5,0,202,0,1,5,
5,0,201,0,1,5,
5,0,203,0,1,5,
5,0,202,0,1,5,
5,0,202,0,1,5,
5,0,203,0,1,5,
5,0,203,0,1,5,
5,0,204,0,1,5,
5,0,203,0,1,5,
5,0,205,0,1,5,
5,0,205,0,1,5,
5,0,206,0,1,5,
5,0,206,0,1,5,
5,0,206,0,1,5,
5,1,345,0,1,1,
5,1,352,0,1,1,
5,1,359,0,1,1,
5,1,355,0,1,1,
5,1,355,0,1,1,
5,1,356,0,1,1,
5,1,359,0,1,1,
5,1,362,0,1,1,
5,1,368,0,1,1,
5,1,370,0,1,1,
5,1,363,0,1,1,
5,1,359,0,1,1,
5,1,368,0,1,1,
5,1,359,0,1,1,
5,1,367,0,1,1,
5,1,228,0,1,2,
5,1,564,0,1,2,
5,1,227,0,1,2,
5,1,217,0,1,2,
5,1,218,0,1,2,
5,1,218,0,1,2,
5,1,252,0,1,2,
5,1,213,0,1,2,
5,1,248,0,1,2,
5,1,214,0,1,2,
5,1,217,0,1,2,
5,1,239,0,1,2,
5,1,215,0,1,2,
5,1,217,0,1,2,
5,1,216,0,1,2,
5,1,330,0,1,3,
5,1,210,0,1,3,
5,1,212,0,1,3,
5,1,214,0,1,3,
5,1,213,0,1,3,
5,1,212,0,1,3,
5,1,322,0,1,3,
5,1,329,0,1,3,
5,1,328,0,1,3,
5,1,216,0,1,3,
5,1,216,0,1,3,
5,1,216,0,1,3,
5,1,325,0,1,3,
5,1,215,0,1,3,
5,1,219,0,1,3,
5,1,215,0,1,4,
5,1,221,0,1,4,
5,1,216,0,1,4,
5,1,225,0,1,4,
5,1,219,0,1,4,
5,1,219,0,1,4,
5,1,219,0,1,4,
5,1,223,0,1,4,
5,1,222,0,1,4,
5,1,223,0,1,4,
5,1,226,0,1,4,
5,1,225,0,1,4,
5,1,227,0,1,4,
5,1,225,0,1,4,
5,1,221,0,1,4,
5,1,223,0,1,5,
5,1,224,0,1,5,
5,1,228,0,1,5,
5,1,228,0,1,5,
5,1,226,0,1,5,
5,1,230,0,1,5,
5,1,232,0,1,5,
5,1,229,0,1,5,
5,1,230,0,1,5,
5,1,232,0,1,5,
5,1,234,0,1,5,
5,1,231,0,1,5,
5,1,227,0,1,5,
5,1,229,0,1,5,
5,1,231,0,1,5,
5,2,397,0,1,1,
5,2,390,0,1,1,
5,2,395,0,1,1,
5,2,387,0,1,1,
5,2,391,0,1,1,
5,2,400,0,1,1,
5,2,404,0,1,1,
5,2,404,0,1,1,
5,2,409,0,1,1,
5,2,404,0,1,1,
5,2,416,0,1,1,
5,2,409,0,1,1,
5,2,410,0,1,1,
5,2,414,0,1,1,
5,2,406,0,1,1,
5,2,241,0,1,2,
5,2,271,0,1,2,
5,2,246,0,1,2,
5,2,241,0,1,2,
5,2,933,0,1,2,
5,2,241,0,1,2,
5,2,289,0,1,2,
5,2,243,0,1,2,
5,2,236,0,1,2,
5,2,238,0,1,2,
5,2,236,0,1,2,
5,2,259,0,1,2,
5,2,240,0,1,2,
5,2,241,0,1,2,
5,2,239,0,1,2,
5,2,230,0,1,3,
5,2,236,0,1,3,
5,2,236,0,1,3,
5,2,234,0,1,3,
5,2,234,0,1,3,
5,2,239,0,1,3,
5,2,238,0,1,3,
5,2,349,0,1,3,
5,2,246,0,1,3,
5,2,243,0,1,3,
5,2,238,0,1,3,
5,2,233,0,1,3,
5,2,243,0,1,3,
5,2,243,0,1,3,
5,2,242,0,1,3,
5,2,243,0,1,4,
5,2,243,0,1,4,
5,2,243,0,1,4,
5,2,248,0,1,4,
5,2,241,0,1,4,
5,2,244,0,1,4,
5,2,244,0,1,4,
5,2,238,0,1,4,
5,2,246,0,1,4,
5,2,247,0,1,4,
5,2,245,0,1,4,
5,2,257,0,1,4,
5,2,260,0,1,4,
5,2,258,0,1,4,
5,2,272,0,1,4,
5,2,268,0,1,5,
5,2,268,0,1,5,
5,2,266,0,1,5,
5,2,268,0,1,5,
5,2,263,0,1,5,
5,2,266,0,1,5,
5,2,269,0,1,5,
5,2,267,0,1,5,
5,2,266,0,1,5,
5,2,269,0,1,5,
5,2,264,0,1,5,
5,2,264,0,1,5,
5,2,266,0,1,5,
5,2,265,0,1,5,
5,2,264,0,1,5,
6,0,699,0,1,1,
6,0,726,0,1,1,
6,0,726,0,1,1,
6,0,725,0,1,1,
6,0,726,0,1,1,
6,0,725,0,1,1,
6,0,724,0,1,1,
6,0,725,0,1,1,
6,0,723,0,1,1,
6,0,721,0,1,1,
6,0,685,0,1,1,
6,0,689,0,1,1,
6,0,692,0,1,1,
6,0,694,0,1,1,
6,0,695,0,1,1,
6,0,412,0,1,2,
6,0,413,0,1,2,
6,0,412,0,1,2,
6,0,412,0,1,2,
6,0,413,0,1,2,
6,0,415,0,1,2,
6,0,412,0,1,2,
6,0,415,0,1,2,
6,0,435,0,1,2,
6,0,435,0,1,2,
6,0,433,0,1,2,
6,0,432,0,1,2,
6,0,430,0,1,2,
6,0,430,0,1,2,
6,0,431,0,1,2,
6,0,429,0,1,3,
6,0,431,0,1,3,
6,0,432,0,1,3,
6,0,432,0,1,3,
6,0,436,0,1,3,
6,0,434,0,1,3,
6,0,433,0,1,3,
6,0,416,0,1,3,
6,0,415,0,1,3,
6,0,433,0,1,3,
6,0,418,0,1,3,
6,0,435,0,1,3,
6,0,420,0,1,3,
6,0,419,0,1,3,
6,0,420,0,1,3,
6,0,422,0,1,4,
6,0,422,0,1,4,
6,0,423,0,1,4,
6,0,425,0,1,4,
6,0,423,0,1,4,
6,0,425,0,1,4,
6,0,427,0,1,4,
6,0,426,0,1,4,
6,0,427,0,1,4,
6,0,428,0,1,4,
6,0,429,0,1,4,
6,0,432,0,1,4,
6,0,430,0,1,4,
6,0,431,0,1,4,
6,0,434,0,1,4,
6,0,434,0,1,5,
6,0,435,0,1,5,
6,0,437,0,1,5,
6,0,436,0,1,5,
6,0,437,0,1,5,
6,0,439,0,1,5,
6,0,438,0,1,5,
6,0,439,0,1,5,
6,0,441,0,1,5,
6,0,440,0,1,5,
6,0,442,0,1,5,
6,0,444,0,1,5,
6,0,443,0,1,5,
6,0,443,0,1,5,
6,0,446,0,1,5,
6,1,770,0,1,1,
6,1,749,0,1,1,
6,1,769,0,1,1,
6,1,760,0,1,1,
6,1,762,0,1,1,
6,1,772,0,1,1,
6,1,778,0,1,1,
6,1,787,0,1,1,
6,1,786,0,1,1,
6,1,763,0,1,1,
6,1,782,0,1,1,
6,1,784,0,1,1,
6,1,783,0,1,1,
6,1,785,0,1,1,
6,1,790,0,1,1,
6,1,448,0,1,2,
6,1,456,0,1,2,
6,1,595,0,1,2,
6,1,457,0,1,2,
6,1,510,0,1,2,
6,1,456,0,1,2,
6,1,510,0,1,2,
6,1,469,0,1,2,
6,1,454,0,1,2,
6,1,509,0,1,2,
6,1,461,0,1,2,
6,1,498,0,1,2,
6,1,477,0,1,2,
6,1,461,0,1,2,
6,1,463,0,1,2,
6,1,465,0,1,3,
6,1,472,0,1,3,
6,1,494,0,1,3,
6,1,466,0,1,3,
6,1,459,0,1,3,
6,1,454,0,1,3,
6,1,466,0,1,3,
6,1,468,0,1,3,
6,1,458,0,1,3,
6,1,469,0,1,3,
6,1,472,0,1,3,
6,1,471,0,1,3,
6,1,470,0,1,3,
6,1,510,0,1,3,
6,1,461,0,1,3,
6,1,475,0,1,4,
6,1,475,0,1,4,
6,1,465,0,1,4,
6,1,475,0,1,4,
6,1,480,0,1,4,
6,1,482,0,1,4,
6,1,498,0,1,4,
6,1,478,0,1,4,
6,1,473,0,1,4,
6,1,481,0,1,4,
6,1,475,0,1,4,
6,1,481,0,1,4,
6,1,487,0,1,4,
6,1,483,0,1,4,
6,1,477,0,1,4,
6,1,483,0,1,5,
6,1,480,0,1,5,
6,1,488,0,1,5,
6,1,490,0,1,5,
6,1,485,0,1,5,
6,1,488,0,1,5,
6,1,485,0,1,5,
6,1,487,0,1,5,
6,1,487,0,1,5,
6,1,488,0,1,5,
6,1,496,0,1,5,
6,1,494,0,1,5,
6,1,483,0,1,5,
6,1,491,0,1,5,
6,1,488,0,1,5,
6,2,831,0,1,1,
6,2,842,0,1,1,
6,2,879,0,1,1,
6,2,847,0,1,1,
6,2,878,0,1,1,
6,2,859,0,1,1,
6,2,876,0,1,1,
6,2,860,0,1,1,
6,2,863,0,1,1,
6,2,860,0,1,1,
6,2,852,0,1,1,
6,2,876,0,1,1,
6,2,867,0,1,1,
6,2,874,0,1,1,
6,2,874,0,1,1,
6,2,669,0,1,2,
6,2,508,0,1,2,
6,2,493,0,1,2,
6,2,509,0,1,2,
6,2,505,0,1,2,
6,2,558,0,1,2,
6,2,665,0,1,2,
6,2,564,0,1,2,
6,2,505,0,1,2,
6,2,511,0,1,2,
6,2,498,0,1,2,
6,2,520,0,1,2,
6,2,514,0,1,2,
6,2,512,0,1,2,
6,2,509,0,1,2,
6,2,513,0,1,3,
6,2,511,0,1,3,
6,2,504,0,1,3,
6,2,508,0,1,3,
6,2,517,0,1,3,
6,2,515,0,1,3,
6,2,519,0,1,3,
6,2,517,0,1,3,
6,2,566,0,1,3,
6,2,519,0,1,3,
6,2,512,0,1,3,
6,2,510,0,1,3,
6,2,522,0,1,3,
6,2,531,0,1,3,
6,2,515,0,1,3,
6,2,520,0,1,4,
6,2,531,0,1,4,
6,2,534,0,1,4,
6,2,532,0,1,4,
6,2,526,0,1,4,
6,2,520,0,1,4,
6,2,522,0,1,4,
6,2,521,0,1,4,
6,2,571,0,1,4,
6,2,522,0,1,4,
6,2,508,0,1,4,
6,2,520,0,1,4,
6,2,512,0,1,4,
6,2,507,0,1,4,
6,2,521,0,1,4,
6,2,526,0,1,5,
6,2,537,0,1,5,
6,2,566,0,1,5,
6,2,547,0,1,5,
6,2,548,0,1,5,
6,2,554,0,1,5,
6,2,556,0,1,5,
6,2,548,0,1,5,
6,2,531,0,1,5,
6,2,561,0,1,5,
6,2,551,0,1,5,
6,2,560,0,1,5,
6,2,568,0,1,5,
6,2,552,0,1,5,
6,2,570,0,1,5,
6,3,957,0,1,1,
6,3,983,0,1,1,
6,3,986,0,1,1,
6,3,992,0,1,1,
6,3,1018,0,1,1,
6,3,1029,0,1,1,
6,3,1042,0,1,1,
6,3,1032,0,1,1,
6,3,1031,0,1,1,
6,3,1035,0,1,1,
6,3,1033,0,1,1,
6,3,1044,0,1,1,
6,3,1026,0,1,1,
6,3,1011,0,1,1,
6,3,1024,0,1,1,
6,3,603,0,1,2,
6,3,979,0,1,2,
6,3,606,0,1,2,
6,3,604,0,1,2,
6,3,618,0,1,2,
6,3,608,0,1,2,
6,3,620,0,1,2,
6,3,599,0,1,2,
6,3,600,0,1,2,
6,3,584,0,1,2,
6,3,685,0,1,2,
6,3,611,0,1,2,
6,3,579,0,1,2,
6,3,589,0,1,2,
6,3,669,0,1,2,
6,3,579,0,1,3,
6,3,632,0,1,3,
6,3,694,0,1,3,
6,3,597,0,1,3,
6,3,636,0,1,3,
6,3,606,0,1,3,
6,3,600,0,1,3,
6,3,617,0,1,3,
6,3,600,0,1,3,
6,3,598,0,1,3,
6,3,681,0,1,3,
6,3,610,0,1,3,
6,3,607,0,1,3,
6,3,612,0,1,3,
6,3,592,0,1,3,
6,3,607,0,1,4,
6,3,613,0,1,4,
6,3,602,0,1,4,
6,3,606,0,1,4,
6,3,600,0,1,4,
6,3,600,0,1,4,
6,3,590,0,1,4,
6,3,605,0,1,4,
6,3,634,0,1,4,
6,3,636,0,1,4,
6,3,635,0,1,4,
6,3,627,0,1,4,
6,3,634,0,1,4,
6,3,638,0,1,4,
6,3,639,0,1,4,
6,3,638,0,1,5,
6,3,606,0,1,5,
6,3,616,0,1,5,
6,3,619,0,1,5,
6,3,623,0,1,5,
6,3,620,0,1,5,
6,3,624,0,1,5,
6,3,614,0,1,5,
6,3,623,0,1,5,
6,3,606,0,1,5,
6,3,609,0,1,5,
6,3,639,0,1,5,
6,3,632,0,1,5,
6,3,647,0,1,5,
6,3,642,0,1,5,
7,0,1569,0,1,1,
7,0,1595,0,1,1,
7,0,1594,0,1,1,
7,0,1593,0,1,1,
7,0,1594,0,1,1,
7,0,1596,0,1,1,
7,0,1634,0,1,1,
7,0,1632,0,1,1,
7,0,1632,0,1,1,
7,0,1629,0,1,1,
7,0,1631,0,1,1,
7,0,1629,0,1,1,
7,0,1627,0,1,1,
7,0,1627,0,1,1,
7,0,1625,0,1,1,
7,0,1075,0,1,2,
7,0,1070,0,1,2,
7,0,1066,0,1,2,
7,0,1060,0,1,2,
7,0,1054,0,1,2,
7,0,1047,0,1,2,
7,0,1041,0,1,2,
7,0,1035,0,1,2,
7,0,1030,0,1,2,
7,0,1027,0,1,2,
7,0,1004,0,1,2,
7,0,993,0,1,2,
7,0,1032,0,1,2,
7,0,1027,0,1,2,
7,0,1029,0,1,2,
7,0,937,0,1,3,
7,0,936,0,1,3,
7,0,938,0,1,3,
7,0,939,0,1,3,
7,0,941,0,1,3,
7,0,943,0,1,3,
7,0,945,0,1,3,
7,0,945,0,1,3,
7,0,946,0,1,3,
7,0,945,0,1,3,
7,0,946,0,1,3,
7,0,948,0,1,3,
7,0,952,0,1,3,
7,0,951,0,1,3,
7,0,953,0,1,3,
7,0,965,0,1,4,
7,0,966,0,1,4,
7,0,967,0,1,4,
7,0,966,0,1,4,
7,0,967,0,1,4,
7,0,969,0,1,4,
7,0,971,0,1,4,
7,0,972,0,1,4,
7,0,974,0,1,4,
7,0,974,0,1,4,
7,0,975,0,1,4,
7,0,974,0,1,4,
7,0,974,0,1,4,
7,0,977,0,1,4,
7,0,978,0,1,4,
7,0,982,0,1,5,
7,0,983,0,1,5,
7,0,986,0,1,5,
7,0,985,0,1,5,
7,0,940,0,1,5,
7,0,950,0,1,5,
7,0,986,0,1,5,
7,0,969,0,1,5,
7,0,952,0,1,5,
7,0,949,0,1,5,
7,0,949,0,1,5,
7,0,951,0,1,5,
7,0,948,0,1,5,
7,0,950,0,1,5,
7,0,994,0,1,5,
7,1,1672,0,1,1,
7,1,1625,0,1,1,
7,1,1653,0,1,1,
7,1,1633,0,1,1,
7,1,1673,0,1,1,
7,1,1656,0,1,1,
7,1,1673,0,1,1,
7,1,1682,0,1,1,
7,1,1655,0,1,1,
7,1,1628,0,1,1,
7,1,1658,0,1,1,
7,1,1672,0,1,1,
7,1,1642,0,1,1,
7,1,1677,0,1,1,
7,1,1686,0,1,1,
7,1,1094,0,1,2,
7,1,1088,0,1,2,
7,1,1024,0,1,2,
7,1,1033,0,1,2,
7,1,1023,0,1,2,
7,1,1091,0,1,2,
7,1,4923,0,1,2,
7,1,1076,0,1,2,
7,1,17610,0,1,2,
7,1,1029,0,1,2,
7,1,1057,0,1,2,
7,1,13410,0,1,2,
7,1,1118,0,1,2,
7,1,1093,0,1,2,
7,1,1102,0,1,2,
7,1,60059,1,0,3,
7,1,60056,1,0,3,
7,1,973,0,1,3,
7,1,1342,0,1,3,
7,1,1354,0,1,3,
7,1,985,0,1,3,
7,1,1024,0,1,3,
7,1,1020,0,1,3,
7,1,997,0,1,3,
7,1,990,0,1,3,
7,1,1029,0,1,3,
7,1,60057,1,0,3,
7,1,990,0,1,3,
7,1,1008,0,1,3,
7,1,3256,0,1,3,
7,1,998,0,1,4,
7,1,1003,0,1,4,
7,1,1000,0,1,4,
7,1,993,0,1,4,
7,1,1024,0,1,4,
7,1,998,0,1,4,
7,1,989,0,1,4,
7,1,995,0,1,4,
7,1,995,0,1,4,
7,1,1004,0,1,4,
7,1,1003,0,1,4,
7,1,1001,0,1,4,
7,1,1004,0,1,4,
7,1,1008,0,1,4,
7,1,1002,0,1,4,
7,1,1011,0,1,5,
7,1,1012,0,1,5,
7,1,1019,0,1,5,
7,1,1003,0,1,5,
7,1,1025,0,1,5,
7,1,1022,0,1,5,
7,1,1011,0,1,5,
7,1,1047,0,1,5,
7,1,1027,0,1,5,
7,1,1034,0,1,5,
7,1,1018,0,1,5,
7,1,1027,0,1,5,
7,1,1013,0,1,5,
7,1,1019,0,1,5,
7,1,1028,0,1,5,
7,2,1814,0,1,1,
7,2,1761,0,1,1,
7,2,1789,0,1,1,
7,2,1769,0,1,1,
7,2,1795,0,1,1,
7,2,1832,0,1,1,
7,2,1785,0,1,1,
7,2,1805,0,1,1,
7,2,1786,0,1,1,
7,2,1767,0,1,1,
7,2,1784,0,1,1,
7,2,1799,0,1,1,
7,2,1787,0,1,1,
7,2,1829,0,1,1,
7,2,1820,0,1,1,
7,2,7845,0,1,2,
7,2,14983,0,1,2,
7,2,60135,1,0,2,
7,2,1661,0,1,2,
7,2,1114,0,1,2,
7,2,1152,0,1,2,
7,2,1099,0,1,2,
7,2,8647,0,1,2,
7,2,1071,0,1,2,
7,2,4978,0,1,2,
7,2,1203,0,1,2,
7,2,9032,0,1,2,
7,2,3287,0,1,2,
7,2,1133,0,1,2,
7,2,1091,0,1,2,
7,2,1049,0,1,3,
7,2,1045,0,1,3,
7,2,2440,0,1,3,
7,2,1043,0,1,3,
7,2,1082,0,1,3,
7,2,1064,0,1,3,
7,2,1062,0,1,3,
7,2,1483,0,1,3,
7,2,60058,1,0,3,
7,2,1071,0,1,3,
7,2,1066,0,1,3,
7,2,1541,0,1,3,
7,2,1090,0,1,3,
7,2,1050,0,1,3,
7,2,1061,0,1,3,
7,2,1067,0,1,4,
7,2,1085,0,1,4,
7,2,1081,0,1,4,
7,2,1080,0,1,4,
7,2,1076,0,1,4,
7,2,1078,0,1,4,
7,2,1081,0,1,4,
7,2,1085,0,1,4,
7,2,1071,0,1,4,
7,2,1087,0,1,4,
7,2,1077,0,1,4,
7,2,1074,0,1,4,
7,2,1064,0,1,4,
7,2,1076,0,1,4,
7,2,1074,0,1,4,
7,2,1076,0,1,5,
7,2,1087,0,1,5,
7,2,1076,0,1,5,
7,2,1080,0,1,5,
7,2,1086,0,1,5,
7,2,1085,0,1,5,
7,2,1114,0,1,5,
7,2,1127,0,1,5,
7,2,1120,0,1,5,
7,2,1115,0,1,5,
7,2,1112,0,1,5,
7,2,1119,0,1,5,
7,2,1127,0,1,5,
7,2,1130,0,1,5,
7,2,1119,0,1,5,
7,3,1919,0,1,1,
7,3,1948,0,1,1,
7,3,1899,0,1,1,
7,3,1937,0,1,1,
7,3,1934,0,1,1,
7,3,1962,0,1,1,
7,3,1933,0,1,1,
7,3,1941,0,1,1,
7,3,1981,0,1,1,
7,3,1978,0,1,1,
7,3,1992,0,1,1,
7,3,1997,0,1,1,
7,3,2012,0,1,1,
7,3,1983,0,1,1,
7,3,2000,0,1,1,
7,3,9836,0,1,2,
7,3,1360,0,1,2,
7,3,23941,0,1,2,
7,3,1484,0,1,2,
7,3,1515,0,1,2,
7,3,1285,0,1,2,
7,3,1399,0,1,2,
7,3,7846,0,1,2,
7,3,9011,0,1,2,
7,3,1260,0,1,2,
7,3,1270,0,1,2,
7,3,9133,0,1,2,
7,3,1237,0,1,2,
7,3,1193,0,1,2,
7,3,16029,0,1,2,
7,3,1291,0,1,3,
7,3,1164,0,1,3,
7,3,1157,0,1,3,
7,3,60134,1,0,3,
7,3,1174,0,1,3,
7,3,1152,0,1,3,
7,3,1685,0,1,3,
7,3,1823,0,1,3,
7,3,1144,0,1,3,
7,3,1162,0,1,3,
7,3,1176,0,1,3,
7,3,1167,0,1,3,
7,3,1768,0,1,3,
7,3,1180,0,1,3,
7,3,1565,0,1,3,
7,3,1185,0,1,4,
7,3,1202,0,1,4,
7,3,1194,0,1,4,
7,3,1200,0,1,4,
7,3,1192,0,1,4,
7,3,1185,0,1,4,
7,3,1191,0,1,4,
7,3,1209,0,1,4,
7,3,1205,0,1,4,
7,3,1175,0,1,4,
7,3,1202,0,1,4,
7,3,1207,0,1,4,
7,3,1197,0,1,4,
7,3,1210,0,1,4,
7,3,1204,0,1,4,
7,3,1190,0,1,5,
7,3,1190,0,1,5,
7,3,1217,0,1,5,
7,3,1213,0,1,5,
7,3,1216,0,1,5,
7,3,1206,0,1,5,
7,3,1215,0,1,5,
7,3,1212,0,1,5,
7,3,1186,0,1,5,
7,3,1220,0,1,5,
7,3,1216,0,1,5,
7,3,1219,0,1,5,
7,3,1216,0,1,5,
7,3,1216,0,1,5,
7,3,1232,0,1,5,
8,0,2933,0,1,1,
8,0,3047,0,1,1,
8,0,3045,0,1,1,
8,0,3043,0,1,1,
8,0,3042,0,1,1,
8,0,3038,0,1,1,
8,0,3035,0,1,1,
8,0,3032,0,1,1,
8,0,3030,0,1,1,
8,0,3028,0,1,1,
8,0,3026,0,1,1,
8,0,3023,0,1,1,
8,0,3019,0,1,1,
8,0,3023,0,1,1,
8,0,3106,0,1,1,
8,0,1840,0,1,2,
8,0,1835,0,1,2,
8,0,1830,0,1,2,
8,0,1824,0,1,2,
8,0,1819,0,1,2,
8,0,1813,0,1,2,
8,0,1808,0,1,2,
8,0,1802,0,1,2,
8,0,1797,0,1,2,
8,0,1791,0,1,2,
8,0,1788,0,1,2,
8,0,1781,0,1,2,
8,0,1776,0,1,2,
8,0,1772,0,1,2,
8,0,1772,0,1,2,
8,0,1763,0,1,3,
8,0,1771,0,1,3,
8,0,1773,0,1,3,
8,0,1779,0,1,3,
8,0,1779,0,1,3,
8,0,1781,0,1,3,
8,0,1782,0,1,3,
8,0,1782,0,1,3,
8,0,1783,0,1,3,
8,0,1790,0,1,3,
8,0,1791,0,1,3,
8,0,1792,0,1,3,
8,0,1791,0,1,3,
8,0,1792,0,1,3,
8,0,1793,0,1,3,
8,0,1817,0,1,4,
8,0,1822,0,1,4,
8,0,1822,0,1,4,
8,0,1824,0,1,4,
8,0,1825,0,1,4,
8,0,1826,0,1,4,
8,0,1833,0,1,4,
8,0,1832,0,1,4,
8,0,1834,0,1,4,
8,0,1835,0,1,4,
8,0,1835,0,1,4,
8,0,1836,0,1,4,
8,0,1842,0,1,4,
8,0,1843,0,1,4,
8,0,1844,0,1,4,
8,0,1842,0,1,5,
8,0,1839,0,1,5,
8,0,1840,0,1,5,
8,0,1847,0,1,5,
8,0,1846,0,1,5,
8,0,1848,0,1,5,
8,0,1848,0,1,5,
8,0,1849,0,1,5,
8,0,1850,0,1,5,
8,0,1856,0,1,5,
8,0,1857,0,1,5,
8,0,1858,0,1,5,
8,0,1859,0,1,5,
8,0,1861,0,1,5,
8,0,1861,0,1,5,
8,1,3260,0,1,1,
8,1,3225,0,1,1,
8,1,3229,0,1,1,
8,1,3331,0,1,1,
8,1,3266,0,1,1,
8,1,3327,0,1,1,
8,1,3276,0,1,1,
8,1,3288,0,1,1,
8,1,3330,0,1,1,
8,1,3318,0,1,1,
8,1,3325,0,1,1,
8,1,3318,0,1,1,
8,1,3277,0,1,1,
8,1,3320,0,1,1,
8,1,3298,0,1,1,
8,1,1871,0,1,2,
8,1,1899,0,1,2,
8,1,1870,0,1,2,
8,1,1894,0,1,2,
8,1,1886,0,1,2,
8,1,1898,0,1,2,
8,1,1865,0,1,2,
8,1,1886,0,1,2,
8,1,1911,0,1,2,
8,1,1874,0,1,2,
8,1,1872,0,1,2,
8,1,1912,0,1,2,
8,1,1909,0,1,2,
8,1,1895,0,1,2,
8,1,1920,0,1,2,
8,1,1907,0,1,3,
8,1,1913,0,1,3,
8,1,1887,0,1,3,
8,1,1894,0,1,3,
8,1,1881,0,1,3,
8,1,22802,0,1,3,
8,1,1907,0,1,3,
8,1,60282,1,0,3,
8,1,60274,1,0,3,
8,1,1936,0,1,3,
8,1,1895,0,1,3,
8,1,1927,0,1,3,
8,1,1924,0,1,3,
8,1,1938,0,1,3,
8,1,60274,1,0,3,
8,1,40680,0,1,4,
8,1,53155,0,1,4,
8,1,1969,0,1,4,
8,1,1958,0,1,4,
8,1,1952,0,1,4,
8,1,1954,0,1,4,
8,1,1960,0,1,4,
8,1,1949,0,1,4,
8,1,52577,0,1,4,
8,1,1983,0,1,4,
8,1,1976,0,1,4,
8,1,1971,0,1,4,
8,1,1974,0,1,4,
8,1,1973,0,1,4,
8,1,1953,0,1,4,
8,1,1987,0,1,5,
8,1,1980,0,1,5,
8,1,1989,0,1,5,
8,1,22711,0,1,5,
8,1,2005,0,1,5,
8,1,1977,0,1,5,
8,1,2005,0,1,5,
8,1,1975,0,1,5,
8,1,1978,0,1,5,
8,1,1992,0,1,5,
8,1,1981,0,1,5,
8,1,1966,0,1,5,
8,1,60279,1,0,5,
8,1,2032,0,1,5,
8,1,2022,0,1,5,
8,2,3480,0,1,1,
8,2,3439,0,1,1,
8,2,3451,0,1,1,
8,2,3457,0,1,1,
8,2,3514,0,1,1,
8,2,3523,0,1,1,
8,2,3569,0,1,1,
8,2,3569,0,1,1,
8,2,3577,0,1,1,
8,2,3530,0,1,1,
8,2,3460,0,1,1,
8,2,3527,0,1,1,
8,2,3549,0,1,1,
8,2,3551,0,1,1,
8,2,3528,0,1,1,
8,2,2011,0,1,2,
8,2,2005,0,1,2,
8,2,2019,0,1,2,
8,2,1999,0,1,2,
8,2,2005,0,1,2,
8,2,2009,0,1,2,
8,2,2022,0,1,2,
8,2,60292,1,0,2,
8,2,2023,0,1,2,
8,2,2518,0,1,2,
8,2,2051,0,1,2,
8,2,60288,1,0,2,
8,2,2025,0,1,2,
8,2,2019,0,1,2,
8,2,2030,0,1,2,
8,2,22334,0,1,3,
8,2,2030,0,1,3,
8,2,2042,0,1,3,
8,2,2039,0,1,3,
8,2,2041,0,1,3,
8,2,2040,0,1,3,
8,2,2016,0,1,3,
8,2,2044,0,1,3,
8,2,60267,1,0,3,
8,2,2019,0,1,3,
8,2,30266,0,1,3,
8,2,2068,0,1,3,
8,2,2037,0,1,3,
8,2,2151,0,1,3,
8,2,2040,0,1,3,
8,2,2060,0,1,4,
8,2,2157,0,1,4,
8,2,2038,0,1,4,
8,2,11722,0,1,4,
8,2,2064,0,1,4,
8,2,4659,0,1,4,
8,2,4655,0,1,4,
8,2,2067,0,1,4,
8,2,2073,0,1,4,
8,2,56101,0,1,4,
8,2,2116,0,1,4,
8,2,2090,0,1,4,
8,2,2112,0,1,4,
8,2,2099,0,1,4,
8,2,2100,0,1,4,
8,2,2128,0,1,5,
8,2,2093,0,1,5,
8,2,2074,0,1,5,
8,2,55007,0,1,5,
8,2,60287,1,0,5,
8,2,22069,0,1,5,
8,2,2136,0,1,5,
8,2,2080,0,1,5,
8,2,2110,0,1,5,
8,2,2130,0,1,5,
8,2,2101,0,1,5,
8,2,4370,0,1,5,
8,2,2126,0,1,5,
8,2,2100,0,1,5,
8,2,2133,0,1,5,
8,3,3663,0,1,1,
8,3,3705,0,1,1,
8,3,3598,0,1,1,
8,3,3541,0,1,1,
8,3,3557,0,1,1,
8,3,3459,0,1,1,
8,3,3495,0,1,1,
8,3,3604,0,1,1,
8,3,3566,0,1,1,
8,3,3622,0,1,1,
8,3,3611,0,1,1,
8,3,3690,0,1,1,
8,3,3625,0,1,1,
8,3,3661,0,1,1,
8,3,3560,0,1,1,
8,3,7020,0,1,2,
8,3,2118,0,1,2,
8,3,2077,0,1,2,
8,3,2133,0,1,2,
8,3,2163,0,1,2,
8,3,2137,0,1,2,
8,3,2167,0,1,2,
8,3,2153,0,1,2,
8,3,2138,0,1,2,
8,3,2140,0,1,2,
8,3,2134,0,1,2,
8,3,2229,0,1,2,
8,3,2772,0,1,2,
8,3,2172,0,1,2,
8,3,2123,0,1,2,
8,3,2173,0,1,3,
8,3,29620,0,1,3,
8,3,2076,0,1,3,
8,3,2074,0,1,3,
8,3,2141,0,1,3,
8,3,2181,0,1,3,
8,3,2145,0,1,3,
8,3,2093,0,1,3,
8,3,2099,0,1,3,
8,3,2087,0,1,3,
8,3,2297,0,1,3,
8,3,60090,1,0,3,
8,3,2103,0,1,3,
8,3,2132,0,1,3,
8,3,2416,0,1,3,
8,3,2092,0,1,4,
8,3,2116,0,1,4,
8,3,2126,0,1,4,
8,3,12623,0,1,4,
8,3,2074,0,1,4,
8,3,2127,0,1,4,
8,3,2764,0,1,4,
8,3,20954,0,1,4,
8,3,2111,0,1,4,
8,3,2244,0,1,4,
8,3,2155,0,1,4,
8,3,2111,0,1,4,
8,3,2169,0,1,4,
8,3,2160,0,1,4,
8,3,19192,0,1,4,
8,3,36560,0,1,5,
8,3,2129,0,1,5,
8,3,2132,0,1,5,
8,3,2109,0,1,5,
8,3,2145,0,1,5,
8,3,2127,0,1,5,
8,3,8389,0,1,5,
8,3,2136,0,1,5,
8,3,2096,0,1,5,
8,3,2076,0,1,5,
8,3,2167,0,1,5,
8,3,2115,0,1,5,
8,3,2189,0,1,5,
8,3,2135,0,1,5,
8,3,2100,0,1,5,
8,4,3719,0,1,1,
8,4,3737,0,1,1,
8,4,3710,0,1,1,
8,4,3736,0,1,1,
8,4,3757,0,1,1,
8,4,3602,0,1,1,
8,4,3724,0,1,1,
8,4,3704,0,1,1,
8,4,3769,0,1,1,
8,4,3829,0,1,1,
8,4,3813,0,1,1,
8,4,3790,0,1,1,
8,4,3819,0,1,1,
8,4,3798,0,1,1,
8,4,3773,0,1,1,
8,4,2295,0,1,2,
8,4,2956,0,1,2,
8,4,2306,0,1,2,
8,4,60327,1,0,2,
8,4,2971,0,1,2,
8,4,6916,0,1,2,
8,4,2317,0,1,2,
8,4,2325,0,1,2,
8,4,2513,0,1,2,
8,4,2318,0,1,2,
8,4,2308,0,1,2,
8,4,2391,0,1,2,
8,4,2327,0,1,2,
8,4,2303,0,1,2,
8,4,2279,0,1,2,
8,4,2305,0,1,3,
8,4,2283,0,1,3,
8,4,2322,0,1,3,
8,4,2318,0,1,3,
8,4,2304,0,1,3,
8,4,60413,1,0,3,
8,4,2424,0,1,3,
8,4,2472,0,1,3,
8,4,60408,1,0,3,
8,4,60354,1,0,3,
8,4,48153,0,1,3,
8,4,2340,0,1,3,
8,4,2324,0,1,3,
8,4,2378,0,1,3,
8,4,2381,0,1,3,
8,4,60322,1,0,4,
8,4,2385,0,1,4,
8,4,16289,0,1,4,
8,4,2392,0,1,4,
8,4,2349,0,1,4,
8,4,2348,0,1,4,
8,4,2329,0,1,4,
8,4,2500,0,1,4,
8,4,2477,0,1,4,
8,4,2497,0,1,4,
8,4,2512,0,1,4,
8,4,2434,0,1,4,
8,4,2394,0,1,4,
8,4,2389,0,1,4,
8,4,2479,0,1,4,
8,4,2439,0,1,5,
8,4,2623,0,1,5,
8,4,60376,1,0,5,
8,4,2416,0,1,5,
8,4,2387,0,1,5,
8,4,2426,0,1,5,
8,4,2437,0,1,5,
8,4,2424,0,1,5,
8,4,5901,0,1,5,
8,4,2413,0,1,5,
8,4,2392,0,1,5,
8,4,2390,0,1,5,
8,4,2387,0,1,5,
8,4,2437,0,1,5,
8,4,2341,0,1,5,
9,0,5489,0,1,1,
9,0,5699,0,1,1,
9,0,5697,0,1,1,
9,0,5695,0,1,1,
9,0,5692,0,1,1,
9,0,5687,0,1,1,
9,0,5681,0,1,1,
9,0,5677,0,1,1,
9,0,5670,0,1,1,
9,0,5664,0,1,1,
9,0,5659,0,1,1,
9,0,5655,0,1,1,
9,0,5651,0,1,1,
9,0,5650,0,1,1,
9,0,5645,0,1,1,
9,0,4895,0,1,2,
9,0,4852,0,1,2,
9,0,4807,0,1,2,
9,0,4767,0,1,2,
9,0,4723,0,1,2,
9,0,4675,0,1,2,
9,0,4636,0,1,2,
9,0,4654,0,1,2,
9,0,4643,0,1,2,
9,0,4660,0,1,2,
9,0,4648,0,1,2,
9,0,4668,0,1,2,
9,0,4657,0,1,2,
9,0,4675,0,1,2,
9,0,4664,0,1,2,
9,0,3241,0,1,3,
9,0,3233,0,1,3,
9,0,3234,0,1,3,
9,0,3242,0,1,3,
9,0,3242,0,1,3,
9,0,3250,0,1,3,
9,0,3248,0,1,3,
9,0,3255,0,1,3,
9,0,3255,0,1,3,
9,0,3262,0,1,3,
9,0,3262,0,1,3,
9,0,3267,0,1,3,
9,0,3264,0,1,3,
9,0,3273,0,1,3,
9,0,3272,0,1,3,
9,0,3305,0,1,4,
9,0,3300,0,1,4,
9,0,3300,0,1,4,
9,0,3306,0,1,4,
9,0,3306,0,1,4,
9,0,3311,0,1,4,
9,0,3313,0,1,4,
9,0,3320,0,1,4,
9,0,3321,0,1,4,
9,0,3326,0,1,4,
9,0,3324,0,1,4,
9,0,3330,0,1,4,
9,0,3328,0,1,4,
9,0,3332,0,1,4,
9,0,3332,0,1,4,
9,0,3336,0,1,5,
9,0,3337,0,1,5,
9,0,3337,0,1,5,
9,0,3342,0,1,5,
9,0,3342,0,1,5,
9,0,3348,0,1,5,
9,0,3349,0,1,5,
9,0,3353,0,1,5,
9,0,3353,0,1,5,
9,0,3359,0,1,5,
9,0,3358,0,1,5,
9,0,3365,0,1,5,
9,0,3365,0,1,5,
9,0,3369,0,1,5,
9,0,3370,0,1,5,
9,1,5944,0,1,1,
9,1,5988,0,1,1,
9,1,6078,0,1,1,
9,1,6011,0,1,1,
9,1,5961,0,1,1,
9,1,6080,0,1,1,
9,1,5951,0,1,1,
9,1,6070,0,1,1,
9,1,6051,0,1,1,
9,1,6035,0,1,1,
9,1,5954,0,1,1,
9,1,6054,0,1,1,
9,1,6028,0,1,1,
9,1,5993,0,1,1,
9,1,6031,0,1,1,
9,1,4989,0,1,2,
9,1,4927,0,1,2,
9,1,4874,0,1,2,
9,1,4829,0,1,2,
9,1,60573,1,0,2,
9,1,4767,0,1,2,
9,1,4840,0,1,2,
9,1,60525,1,0,2,
9,1,13057,0,1,2,
9,1,4810,0,1,2,
9,1,60548,1,0,2,
9,1,4808,0,1,2,
9,1,60531,1,0,2,
9,1,4825,0,1,2,
9,1,4873,0,1,2,
9,1,3409,0,1,3,
9,1,3431,0,1,3,
9,1,3456,0,1,3,
9,1,3461,0,1,3,
9,1,3415,0,1,3,
9,1,3463,0,1,3,
9,1,3467,0,1,3,
9,1,3484,0,1,3,
9,1,3506,0,1,3,
9,1,3475,0,1,3,
9,1,3451,0,1,3,
9,1,3439,0,1,3,
9,1,3454,0,1,3,
9,1,3448,0,1,3,
9,1,3481,0,1,3,
9,1,3519,0,1,4,
9,1,3531,0,1,4,
9,1,3502,0,1,4,
9,1,3523,0,1,4,
9,1,3527,0,1,4,
9,1,3695,0,1,4,
9,1,3489,0,1,4,
9,1,3481,0,1,4,
9,1,3540,0,1,4,
9,1,3490,0,1,4,
9,1,3682,0,1,4,
9,1,3639,0,1,4,
9,1,3507,0,1,4,
9,1,3524,0,1,4,
9,1,3532,0,1,4,
9,1,3548,0,1,5,
9,1,3555,0,1,5,
9,1,3531,0,1,5,
9,1,3547,0,1,5,
9,1,3493,0,1,5,
9,1,3518,0,1,5,
9,1,3511,0,1,5,
9,1,3529,0,1,5,
9,1,3575,0,1,5,
9,1,3548,0,1,5,
9,1,3553,0,1,5,
9,1,3579,0,1,5,
9,1,3582,0,1,5,
9,1,3582,0,1,5,
9,1,3526,0,1,5,
9,2,6205,0,1,1,
9,2,6447,0,1,1,
9,2,6368,0,1,1,
9,2,6341,0,1,1,
9,2,6321,0,1,1,
9,2,6274,0,1,1,
9,2,6428,0,1,1,
9,2,6305,0,1,1,
9,2,6351,0,1,1,
9,2,6386,0,1,1,
9,2,6338,0,1,1,
9,2,6439,0,1,1,
9,2,6374,0,1,1,
9,2,6209,0,1,1,
9,2,6286,0,1,1,
9,2,60577,1,0,2,
9,2,5227,0,1,2,
9,2,11057,0,1,2,
9,2,5046,0,1,2,
9,2,4981,0,1,2,
9,2,3738,0,1,2,
9,2,49740,0,1,2,
9,2,10740,0,1,2,
9,2,4948,0,1,2,
9,2,4878,0,1,2,
9,2,4944,0,1,2,
9,2,5103,0,1,2,
9,2,5562,0,1,2,
9,2,4969,0,1,2,
9,2,4957,0,1,2,
9,2,3640,0,1,3,
9,2,3577,0,1,3,
9,2,3571,0,1,3,
9,2,3657,0,1,3,
9,2,6226,0,1,3,
9,2,7876,0,1,3,
9,2,3627,0,1,3,
9,2,3612,0,1,3,
9,2,3608,0,1,3,
9,2,3863,0,1,3,
9,2,60541,1,0,3,
9,2,3613,0,1,3,
9,2,60521,1,0,3,
9,2,6190,0,1,3,
9,2,6737,0,1,3,
9,2,3980,0,1,4,
9,2,3646,0,1,4,
9,2,3669,0,1,4,
9,2,3670,0,1,4,
9,2,3608,0,1,4,
9,2,3596,0,1,4,
9,2,3686,0,1,4,
9,2,3663,0,1,4,
9,2,3747,0,1,4,
9,2,3633,0,1,4,
9,2,3690,0,1,4,
9,2,3742,0,1,4,
9,2,7116,0,1,4,
9,2,3744,0,1,4,
9,2,3741,0,1,4,
9,2,3736,0,1,5,
9,2,3689,0,1,5,
9,2,3696,0,1,5,
9,2,3744,0,1,5,
9,2,3697,0,1,5,
9,2,3698,0,1,5,
9,2,3945,0,1,5,
9,2,3717,0,1,5,
9,2,3727,0,1,5,
9,2,5353,0,1,5,
9,2,6443,0,1,5,
9,2,5325,0,1,5,
9,2,4582,0,1,5,
9,2,3803,0,1,5,
9,2,5418,0,1,5,
9,3,6612,0,1,1,
9,3,6599,0,1,1,
9,3,6755,0,1,1,
9,3,6596,0,1,1,
9,3,6704,0,1,1,
9,3,6757,0,1,1,
9,3,6770,0,1,1,
9,3,6685,0,1,1,
9,3,6699,0,1,1,
9,3,6616,0,1,1,
9,3,6643,0,1,1,
9,3,6672,0,1,1,
9,3,6455,0,1,1,
9,3,6661,0,1,1,
9,3,6844,0,1,1,
9,3,60808,1,0,2,
9,3,4622,0,1,2,
9,3,6076,0,1,2,
9,3,4984,0,1,2,
9,3,5922,0,1,2,
9,3,6390,0,1,2,
9,3,5894,0,1,2,
9,3,5763,0,1,2,
9,3,4717,0,1,2,
9,3,60720,1,0,2,
9,3,4365,0,1,2,
9,3,9369,0,1,2,
9,3,60714,1,0,2,
9,3,4614,0,1,2,
9,3,5452,0,1,2,
9,3,7175,0,1,3,
9,3,3797,0,1,3,
9,3,3867,0,1,3,
9,3,3782,0,1,3,
9,3,3848,0,1,3,
9,3,8709,0,1,3,
9,3,5360,0,1,3,
9,3,3950,0,1,3,
9,3,7566,0,1,3,
9,3,3806,0,1,3,
9,3,3778,0,1,3,
9,3,5079,0,1,3,
9,3,3775,0,1,3,
9,3,3837,0,1,3,
9,3,60540,1,0,3,
9,3,3869,0,1,4,
9,3,3855,0,1,4,
9,3,7336,0,1,4,
9,3,3901,0,1,4,
9,3,3836,0,1,4,
9,3,3823,0,1,4,
9,3,3887,0,1,4,
9,3,3908,0,1,4,
9,3,3894,0,1,4,
9,3,3931,0,1,4,
9,3,3935,0,1,4,
9,3,3967,0,1,4,
9,3,3880,0,1,4,
9,3,3872,0,1,4,
9,3,3926,0,1,4,
9,3,3947,0,1,5,
9,3,3912,0,1,5,
9,3,3955,0,1,5,
9,3,3906,0,1,5,
9,3,3968,0,1,5,
9,3,3919,0,1,5,
9,3,10447,0,1,5,
9,3,3837,0,1,5,
9,3,3895,0,1,5,
9,3,3938,0,1,5,
9,3,3860,0,1,5,
9,3,3920,0,1,5,
9,3,3958,0,1,5,
9,3,3893,0,1,5,
9,3,3885,0,1,5,
9,4,6953,0,1,1,
9,4,6883,0,1,1,
9,4,6971,0,1,1,
9,4,6930,0,1,1,
9,4,7002,0,1,1,
9,4,7015,0,1,1,
9,4,6943,0,1,1,
9,4,6937,0,1,1,
9,4,6999,0,1,1,
9,4,6983,0,1,1,
9,4,6805,0,1,1,
9,4,6966,0,1,1,
9,4,6904,0,1,1,
9,4,6966,0,1,1,
9,4,6965,0,1,1,
9,4,60840,1,0,2,
9,4,5791,0,1,2,
9,4,6398,0,1,2,
9,4,6081,0,1,2,
9,4,4409,0,1,2,
9,4,4544,0,1,2,
9,4,60783,1,0,2,
9,4,5908,0,1,2,
9,4,4764,0,1,2,
9,4,17831,0,1,2,
9,4,6364,0,1,2,
9,4,60699,1,0,2,
9,4,5640,0,1,2,
9,4,6277,0,1,2,
9,4,6208,0,1,2,
9,4,8403,0,1,3,
9,4,3971,0,1,3,
9,4,60575,1,0,3,
9,4,60540,1,0,3,
9,4,4998,0,1,3,
9,4,3900,0,1,3,
9,4,5102,0,1,3,
9,4,4005,0,1,3,
9,4,3915,0,1,3,
9,4,6155,0,1,3,
9,4,3924,0,1,3,
9,4,7773,0,1,3,
9,4,3999,0,1,3,
9,4,3943,0,1,3,
9,4,4030,0,1,3,
9,4,3956,0,1,4,
9,4,3992,0,1,4,
9,4,7400,0,1,4,
9,4,4182,0,1,4,
9,4,3965,0,1,4,
9,4,3933,0,1,4,
9,4,4031,0,1,4,
9,4,3953,0,1,4,
9,4,3978,0,1,4,
9,4,4030,0,1,4,
9,4,3963,0,1,4,
9,4,4037,0,1,4,
9,4,4029,0,1,4,
9,4,4144,0,1,4,
9,4,4029,0,1,4,
9,4,4082,0,1,5,
9,4,4039,0,1,5,
9,4,4004,0,1,5,
9,4,4069,0,1,5,
9,4,4101,0,1,5,
9,4,6878,0,1,5,
9,4,4017,0,1,5,
9,4,4097,0,1,5,
9,4,4115,0,1,5,
9,4,4140,0,1,5,
9,4,4076,0,1,5,
9,4,4172,0,1,5,
9,4,4100,0,1,5,
9,4,4067,0,1,5,
9,4,4064,0,1,5,
10,0,8987,0,1,1,
10,0,9106,0,1,1,
10,0,9099,0,1,1,
10,0,9093,0,1,1,
10,0,9085,0,1,1,
10,0,9100,0,1,1,
10,0,9281,0,1,1,
10,0,9275,0,1,1,
10,0,9272,0,1,1,
10,0,9271,0,1,1,
10,0,9262,0,1,1,
10,0,9250,0,1,1,
10,0,9236,0,1,1,
10,0,9227,0,1,1,
10,0,9221,0,1,1,
10,0,5586,0,1,2,
10,0,5743,0,1,2,
10,0,5753,0,1,2,
10,0,5760,0,1,2,
10,0,5766,0,1,2,
10,0,5774,0,1,2,
10,0,5780,0,1,2,
10,0,5771,0,1,2,
10,0,5781,0,1,2,
10,0,5789,0,1,2,
10,0,5796,0,1,2,
10,0,5804,0,1,2,
10,0,5812,0,1,2,
10,0,5796,0,1,2,
10,0,5805,0,1,2,
10,0,5361,0,1,3,
10,0,5355,0,1,3,
10,0,5361,0,1,3,
10,0,5358,0,1,3,
10,0,5362,0,1,3,
10,0,5370,0,1,3,
10,0,5374,0,1,3,
10,0,5378,0,1,3,
10,0,5383,0,1,3,
10,0,5380,0,1,3,
10,0,5384,0,1,3,
10,0,5390,0,1,3,
10,0,5396,0,1,3,
10,0,5399,0,1,3,
10,0,5405,0,1,3,
10,0,5445,0,1,4,
10,0,5450,0,1,4,
10,0,5461,0,1,4,
10,0,5467,0,1,4,
10,0,5474,0,1,4,
10,0,5478,0,1,4,
10,0,5474,0,1,4,
10,0,5481,0,1,4,
10,0,5105,0,1,4,
10,0,5159,0,1,4,
10,0,5164,0,1,4,
10,0,5169,0,1,4,
10,0,5181,0,1,4,
10,0,5190,0,1,4,
10,0,5186,0,1,4,
10,0,5190,0,1,5,
10,0,5203,0,1,5,
10,0,5211,0,1,5,
10,0,5214,0,1,5,
10,0,5225,0,1,5,
10,0,5249,0,1,5,
10,0,5271,0,1,5,
10,0,5539,0,1,5,
10,0,5548,0,1,5,
10,0,5555,0,1,5,
10,0,5555,0,1,5,
10,0,5563,0,1,5,
10,0,5567,0,1,5,
10,0,5571,0,1,5,
10,0,5576,0,1,5,
10,1,9779,0,1,1,
10,1,9660,0,1,1,
10,1,9643,0,1,1,
10,1,9646,0,1,1,
10,1,9648,0,1,1,
10,1,9644,0,1,1,
10,1,9746,0,1,1,
10,1,9773,0,1,1,
10,1,9667,0,1,1,
10,1,9743,0,1,1,
10,1,9807,0,1,1,
10,1,9837,0,1,1,
10,1,9707,0,1,1,
10,1,9825,0,1,1,
10,1,9797,0,1,1,
10,1,5902,0,1,2,
10,1,61077,1,0,2,
10,1,5760,0,1,2,
10,1,6377,0,1,2,
10,1,13202,0,1,2,
10,1,6303,0,1,2,
10,1,61036,1,0,2,
10,1,6138,0,1,2,
10,1,5997,0,1,2,
10,1,5987,0,1,2,
10,1,6903,0,1,2,
10,1,6106,0,1,2,
10,1,6114,0,1,2,
10,1,6712,0,1,2,
10,1,6121,0,1,2,
10,1,60999,1,0,3,
10,1,61027,1,0,3,
10,1,5727,0,1,3,
10,1,5622,0,1,3,
10,1,5737,0,1,3,
10,1,61022,1,0,3,
10,1,5699,0,1,3,
10,1,5683,0,1,3,
10,1,5715,0,1,3,
10,1,5720,0,1,3,
10,1,61021,1,0,3,
10,1,5735,0,1,3,
10,1,61055,1,0,3,
10,1,5756,0,1,3,
10,1,5653,0,1,3,
10,1,5716,0,1,4,
10,1,5739,0,1,4,
10,1,5780,0,1,4,
10,1,5798,0,1,4,
10,1,5794,0,1,4,
10,1,5757,0,1,4,
10,1,5717,0,1,4,
10,1,61023,1,0,4,
10,1,60218,1,0,4,
10,1,60209,1,0,4,
10,1,5752,0,1,4,
10,1,5826,0,1,4,
10,1,5807,0,1,4,
10,1,5642,0,1,4,
10,1,5600,0,1,4,
10,1,5815,0,1,5,
10,1,6135,0,1,5,
10,1,60246,1,0,5,
10,1,5577,0,1,5,
10,1,60215,1,0,5,
10,1,5487,0,1,5,
10,1,5672,0,1,5,
10,1,43939,0,1,5,
10,1,5510,0,1,5,
10,1,5582,0,1,5,
10,1,5552,0,1,5,
10,1,5543,0,1,5,
10,1,60244,1,0,5,
10,1,40013,0,1,5,
10,1,5584,0,1,5,
10,2,9716,0,1,1,
10,2,9784,0,1,1,
10,2,9542,0,1,1,
10,2,9646,0,1,1,
10,2,9697,0,1,1,
10,2,9701,0,1,1,
10,2,9665,0,1,1,
10,2,9680,0,1,1,
10,2,9726,0,1,1,
10,2,9585,0,1,1,
10,2,9890,0,1,1,
10,2,9949,0,1,1,
10,2,9963,0,1,1,
10,2,10010,0,1,1,
10,2,9824,0,1,1,
10,2,60825,1,0,2,
10,2,60792,1,0,2,
10,2,60801,1,0,2,
10,2,60804,1,0,2,
10,2,15642,0,1,2,
10,2,60846,1,0,2,
10,2,7407,0,1,2,
10,2,60840,1,0,2,
10,2,7962,0,1,2,
10,2,10042,0,1,2,
10,2,60826,1,0,2,
10,2,7031,0,1,2,
10,2,60920,1,0,2,
10,2,6355,0,1,2,
10,2,60919,1,0,2,
10,2,60840,1,0,3,
10,2,5748,0,1,3,
10,2,60809,1,0,3,
10,2,5771,0,1,3,
10,2,5817,0,1,3,
10,2,5790,0,1,3,
10,2,5745,0,1,3,
10,2,6609,0,1,3,
10,2,5726,0,1,3,
10,2,5752,0,1,3,
10,2,5692,0,1,3,
10,2,60924,1,0,3,
10,2,5925,0,1,3,
10,2,60926,1,0,3,
10,2,5705,0,1,3,
10,2,40341,0,1,4,
10,2,60233,1,0,4,
10,2,5758,0,1,4,
10,2,5759,0,1,4,
10,2,60232,1,0,4,
10,2,61002,1,0,4,
10,2,5774,0,1,4,
10,2,60223,1,0,4,
10,2,60209,1,0,4,
10,2,60229,1,0,4,
10,2,60779,1,0,4,
10,2,60788,1,0,4,
10,2,5790,0,1,4,
10,2,6038,0,1,4,
10,2,5715,0,1,4,
10,2,6004,0,1,5,
10,2,60232,1,0,5,
10,2,60229,1,0,5,
10,2,5682,0,1,5,
10,2,5667,0,1,5,
10,2,14595,0,1,5,
10,2,5774,0,1,5,
10,2,5842,0,1,5,
10,2,7580,0,1,5,
10,2,5826,0,1,5,
10,2,5821,0,1,5,
10,2,5835,0,1,5,
10,2,60261,1,0,5,
10,2,5809,0,1,5,
10,2,34807,0,1,5,
10,3,10185,0,1,1,
10,3,10101,0,1,1,
10,3,9965,0,1,1,
10,3,10163,0,1,1,
10,3,10178,0,1,1,
10,3,9979,0,1,1,
10,3,10261,0,1,1,
10,3,10281,0,1,1,
10,3,10045,0,1,1,
10,3,10254,0,1,1,
10,3,10445,0,1,1,
10,3,10358,0,1,1,
10,3,10271,0,1,1,
10,3,10332,0,1,1,
10,3,10320,0,1,1,
10,3,6900,0,1,2,
10,3,6782,0,1,2,
10,3,22517,0,1,2,
10,3,9174,0,1,2,
10,3,7039,0,1,2,
10,3,9472,0,1,2,
10,3,60797,1,0,2,
10,3,60828,1,0,2,
10,3,60908,1,0,2,
10,3,6165,0,1,2,
10,3,7479,0,1,2,
10,3,7003,0,1,2,
10,3,7104,0,1,2,
10,3,7125,0,1,2,
10,3,60930,1,0,2,
10,3,60828,1,0,3,
10,3,5992,0,1,3,
10,3,5989,0,1,3,
10,3,60893,1,0,3,
10,3,6153,0,1,3,
10,3,60826,1,0,3,
10,3,60793,1,0,3,
10,3,60824,1,0,3,
10,3,5956,0,1,3,
10,3,6154,0,1,3,
10,3,60913,1,0,3,
10,3,6020,0,1,3,
10,3,60978,1,0,3,
10,3,60986,1,0,3,
10,3,5998,0,1,3,
10,3,60214,1,0,4,
10,3,60956,1,0,4,
10,3,60237,1,0,4,
10,3,60997,1,0,4,
10,3,6074,0,1,4,
10,3,6038,0,1,4,
10,3,6033,0,1,4,
10,3,5994,0,1,4,
10,3,6328,0,1,4,
10,3,60937,1,0,4,
10,3,6196,0,1,4,
10,3,60246,1,0,4,
10,3,60921,1,0,4,
10,3,6001,0,1,4,
10,3,6084,0,1,4,
10,3,5996,0,1,5,
10,3,6037,0,1,5,
10,3,6038,0,1,5,
10,3,5970,0,1,5,
10,3,60255,1,0,5,
10,3,5982,0,1,5,
10,3,5958,0,1,5,
10,3,6016,0,1,5,
10,3,60236,1,0,5,
10,3,6111,0,1,5,
10,3,5981,0,1,5,
10,3,6169,0,1,5,
10,3,6141,0,1,5,
10,3,60260,1,0,5,
10,3,6083,0,1,5,
10,4,10551,0,1,1,
10,4,10556,0,1,1,
10,4,10571,0,1,1,
10,4,10547,0,1,1,
10,4,10573,0,1,1,
10,4,10422,0,1,1,
10,4,10493,0,1,1,
10,4,10582,0,1,1,
10,4,10714,0,1,1,
10,4,10852,0,1,1,
10,4,10597,0,1,1,
10,4,10797,0,1,1,
10,4,10943,0,1,1,
10,4,10861,0,1,1,
10,4,10858,0,1,1,
10,4,60861,1,0,2,
10,4,9901,0,1,2,
10,4,60787,1,0,2,
10,4,16592,0,1,2,
10,4,7959,0,1,2,
10,4,8056,0,1,2,
10,4,60837,1,0,2,
10,4,7357,0,1,2,
10,4,60814,1,0,2,
10,4,60807,1,0,2,
10,4,60779,1,0,2,
10,4,13617,0,1,2,
10,4,60859,1,0,2,
10,4,14828,0,1,2,
10,4,12805,0,1,2,
10,4,60788,1,0,3,
10,4,6324,0,1,3,
10,4,60801,1,0,3,
10,4,6216,0,1,3,
10,4,60827,1,0,3,
10,4,6335,0,1,3,
10,4,60827,1,0,3,
10,4,7159,0,1,3,
10,4,60867,1,0,3,
10,4,6249,0,1,3,
10,4,6342,0,1,3,
10,4,8460,0,1,3,
10,4,60842,1,0,3,
10,4,60883,1,0,3,
10,4,6202,0,1,3,
10,4,6143,0,1,4,
10,4,6315,0,1,4,
10,4,6777,0,1,4,
10,4,6282,0,1,4,
10,4,6233,0,1,4,
10,4,6376,0,1,4,
10,4,6353,0,1,4,
10,4,60209,1,0,4,
10,4,6081,0,1,4,
10,4,60213,1,0,4,
10,4,60198,1,0,4,
10,4,60209,1,0,4,
10,4,6164,0,1,4,
10,4,49059,0,1,4,
10,4,7798,0,1,4,
10,4,6271,0,1,5,
10,4,6311,0,1,5,
10,4,60212,1,0,5,
10,4,6264,0,1,5,
10,4,6189,0,1,5,
10,4,6260,0,1,5,
10,4,60222,1,0,5,
10,4,6362,0,1,5,
10,4,6366,0,1,5,
10,4,60273,1,0,5,
10,4,6349,0,1,5,
10,4,8579,0,1,5,
10,4,6372,0,1,5,
10,4,6203,0,1,5,
10,4,6501,0,1,5,
10,5,11225,0,1,1,
10,5,11108,0,1,1,
10,5,11172,0,1,1,
10,5,11020,0,1,1,
10,5,11001,0,1,1,
10,5,10987,0,1,1,
10,5,11221,0,1,1,
10,5,11057,0,1,1,
10,5,11468,0,1,1,
10,5,11442,0,1,1,
10,5,11378,0,1,1,
10,5,11424,0,1,1,
10,5,11291,0,1,1,
10,5,11134,0,1,1,
10,5,11302,0,1,1,
10,5,60777,1,0,2,
10,5,15057,0,1,2,
10,5,60853,1,0,2,
10,5,10544,0,1,2,
10,5,60781,1,0,2,
10,5,34916,0,1,2,
10,5,60873,1,0,2,
10,5,29529,0,1,2,
10,5,7675,0,1,2,
10,5,7429,0,1,2,
10,5,23216,0,1,2,
10,5,60872,1,0,2,
10,5,60931,1,0,2,
10,5,7053,0,1,2,
10,5,60860,1,0,2,
10,5,39917,0,1,3,
10,5,60791,1,0,3,
10,5,6552,0,1,3,
10,5,10257,0,1,3,
10,5,60846,1,0,3,
10,5,6482,0,1,3,
10,5,6550,0,1,3,
10,5,60803,1,0,3,
10,5,6535,0,1,3,
10,5,6452,0,1,3,
10,5,6498,0,1,3,
10,5,6466,0,1,3,
10,5,8078,0,1,3,
10,5,6493,0,1,3,
10,5,60991,1,0,3,
10,5,6454,0,1,4,
10,5,60260,1,0,4,
10,5,6407,0,1,4,
10,5,6378,0,1,4,
10,5,6599,0,1,4,
10,5,6752,0,1,4,
10,5,38672,0,1,4,
10,5,6465,0,1,4,
10,5,6543,0,1,4,
10,5,6447,0,1,4,
10,5,6697,0,1,4,
10,5,60226,1,0,4,
10,5,6524,0,1,4,
10,5,60247,1,0,4,
10,5,6526,0,1,4,
10,5,6588,0,1,5,
10,5,60245,1,0,5,
10,5,60225,1,0,5,
10,5,60883,1,0,5,
10,5,10328,0,1,5,
10,5,6495,0,1,5,
10,5,6566,0,1,5,
10,5,6651,0,1,5,
10,5,60220,1,0,5,
10,5,60232,1,0,5,
10,5,6525,0,1,5,
10,5,60252,1,0,5,
10,5,6609,0,1,5,
10,5,6638,0,1,5,
10,5,6604,0,1,5,
11,0,14158,0,1,1,
11,0,14462,0,1,1,
11,0,14440,0,1,1,
11,0,14434,0,1,1,
11,0,14425,0,1,1,
11,0,14406,0,1,1,
11,0,14391,0,1,1,
11,0,14368,0,1,1,
11,0,14357,0,1,1,
11,0,14344,0,1,1,
11,0,14343,0,1,1,
11,0,14329,0,1,1,
11,0,14304,0,1,1,
11,0,14289,0,1,1,
11,0,14279,0,1,1,
11,0,21492,0,1,2,
11,0,20933,0,1,2,
11,0,20316,0,1,2,
11,0,19749,0,1,2,
11,0,19171,0,1,2,
11,0,18593,0,1,2,
11,0,18550,0,1,2,
11,0,18515,0,1,2,
11,0,18460,0,1,2,
11,0,18411,0,1,2,
11,0,18609,0,1,2,
11,0,18583,0,1,2,
11,0,18529,0,1,2,
11,0,18489,0,1,2,
11,0,18433,0,1,2,
11,0,8252,0,1,3,
11,0,8241,0,1,3,
11,0,8252,0,1,3,
11,0,8257,0,1,3,
11,0,8263,0,1,3,
11,0,8266,0,1,3,
11,0,8273,0,1,3,
11,0,8276,0,1,3,
11,0,8280,0,1,3,
11,0,8282,0,1,3,
11,0,8290,0,1,3,
11,0,8292,0,1,3,
11,0,8303,0,1,3,
11,0,8305,0,1,3,
11,0,8307,0,1,3,
11,0,8333,0,1,4,
11,0,8346,0,1,4,
11,0,8347,0,1,4,
11,0,8352,0,1,4,
11,0,8352,0,1,4,
11,0,8353,0,1,4,
11,0,8368,0,1,4,
11,0,8369,0,1,4,
11,0,8374,0,1,4,
11,0,8379,0,1,4,
11,0,8386,0,1,4,
11,0,8394,0,1,4,
11,0,8399,0,1,4,
11,0,8398,0,1,4,
11,0,8403,0,1,4,
11,0,8393,0,1,5,
11,0,8397,0,1,5,
11,0,8399,0,1,5,
11,0,8404,0,1,5,
11,0,8415,0,1,5,
11,0,8418,0,1,5,
11,0,8418,0,1,5,
11,0,8423,0,1,5,
11,0,8427,0,1,5,
11,0,8443,0,1,5,
11,0,8446,0,1,5,
11,0,8450,0,1,5,
11,0,8448,0,1,5,
11,0,8460,0,1,5,
11,0,8463,0,1,5,
11,1,14729,0,1,1,
11,1,15135,0,1,1,
11,1,15158,0,1,1,
11,1,15047,0,1,1,
11,1,15116,0,1,1,
11,1,15122,0,1,1,
11,1,15103,0,1,1,
11,1,14954,0,1,1,
11,1,14876,0,1,1,
11,1,14984,0,1,1,
11,1,15038,0,1,1,
11,1,14998,0,1,1,
11,1,14931,0,1,1,
11,1,15021,0,1,1,
11,1,15000,0,1,1,
11,1,61164,1,0,2,
11,1,61167,1,0,2,
11,1,10398,0,1,2,
11,1,11766,0,1,2,
11,1,18292,0,1,2,
11,1,61149,1,0,2,
11,1,60434,1,0,2,
11,1,60454,1,0,2,
11,1,60448,1,0,2,
11,1,18061,0,1,2,
11,1,19426,0,1,2,
11,1,16381,0,1,2,
11,1,61102,1,0,2,
11,1,19455,0,1,2,
11,1,11782,0,1,2,
11,1,60428,1,0,3,
11,1,11249,0,1,3,
11,1,60428,1,0,3,
11,1,60458,1,0,3,
11,1,8666,0,1,3,
11,1,60450,1,0,3,
11,1,8639,0,1,3,
11,1,11322,0,1,3,
11,1,8645,0,1,3,
11,1,8611,0,1,3,
11,1,8706,0,1,3,
11,1,8698,0,1,3,
11,1,8632,0,1,3,
11,1,60446,1,0,3,
11,1,17609,0,1,3,
11,1,8733,0,1,4,
11,1,8739,0,1,4,
11,1,8650,0,1,4,
11,1,8687,0,1,4,
11,1,8757,0,1,4,
11,1,8724,0,1,4,
11,1,8776,0,1,4,
11,1,8777,0,1,4,
11,1,8663,0,1,4,
11,1,8767,0,1,4,
11,1,8772,0,1,4,
11,1,8797,0,1,4,
11,1,8715,0,1,4,
11,1,8799,0,1,4,
11,1,8780,0,1,4,
11,1,8787,0,1,5,
11,1,8786,0,1,5,
11,1,8791,0,1,5,
11,1,8773,0,1,5,
11,1,8691,0,1,5,
11,1,8822,0,1,5,
11,1,8701,0,1,5,
11,1,8827,0,1,5,
11,1,8829,0,1,5,
11,1,8810,0,1,5,
11,1,8839,0,1,5,
11,1,8733,0,1,5,
11,1,8789,0,1,5,
11,1,8809,0,1,5,
11,1,8784,0,1,5,
11,2,15506,0,1,1,
11,2,15904,0,1,1,
11,2,15743,0,1,1,
11,2,15711,0,1,1,
11,2,15546,0,1,1,
11,2,15517,0,1,1,
11,2,15680,0,1,1,
11,2,15648,0,1,1,
11,2,15716,0,1,1,
11,2,15724,0,1,1,
11,2,15466,0,1,1,
11,2,15663,0,1,1,
11,2,15674,0,1,1,
11,2,15440,0,1,1,
11,2,15650,0,1,1,
11,2,61187,1,0,2,
11,2,61210,1,0,2,
11,2,61164,1,0,2,
11,2,10961,0,1,2,
11,2,13956,0,1,2,
11,2,60435,1,0,2,
11,2,60430,1,0,2,
11,2,60635,1,0,2,
11,2,11072,0,1,2,
11,2,12306,0,1,2,
11,2,60597,1,0,2,
11,2,60459,1,0,2,
11,2,60426,1,0,2,
11,2,60439,1,0,2,
11,2,12393,0,1,2,
11,2,24004,0,1,3,
11,2,12466,0,1,3,
11,2,8993,0,1,3,
11,2,60560,1,0,3,
11,2,60463,1,0,3,
11,2,9002,0,1,3,
11,2,11589,0,1,3,
11,2,60406,1,0,3,
11,2,60435,1,0,3,
11,2,61113,1,0,3,
11,2,60453,1,0,3,
11,2,60448,1,0,3,
11,2,9039,0,1,3,
11,2,60416,1,0,3,
11,2,60437,1,0,3,
11,2,9017,0,1,4,
11,2,9062,0,1,4,
11,2,9079,0,1,4,
11,2,9031,0,1,4,
11,2,9091,0,1,4,
11,2,9077,0,1,4,
11,2,9081,0,1,4,
11,2,9084,0,1,4,
11,2,9062,0,1,4,
11,2,9069,0,1,4,
11,2,9029,0,1,4,
11,2,9112,0,1,4,
11,2,9051,0,1,4,
11,2,9042,0,1,4,
11,2,9112,0,1,4,
11,2,8991,0,1,5,
11,2,9038,0,1,5,
11,2,9137,0,1,5,
11,2,8982,0,1,5,
11,2,9101,0,1,5,
11,2,9154,0,1,5,
11,2,9107,0,1,5,
11,2,9058,0,1,5,
11,2,9126,0,1,5,
11,2,9112,0,1,5,
11,2,9064,0,1,5,
11,2,9126,0,1,5,
11,2,9113,0,1,5,
11,2,9047,0,1,5,
11,2,9190,0,1,5,
11,3,16209,0,1,1,
11,3,16036,0,1,1,
11,3,16462,0,1,1,
11,3,16326,0,1,1,
11,3,16411,0,1,1,
11,3,16466,0,1,1,
11,3,15967,0,1,1,
11,3,16133,0,1,1,
11,3,16451,0,1,1,
11,3,16086,0,1,1,
11,3,16185,0,1,1,
11,3,16067,0,1,1,
11,3,16271,0,1,1,
11,3,16232,0,1,1,
11,3,16299,0,1,1,
11,3,13228,0,1,2,
11,3,12003,0,1,2,
11,3,20506,0,1,2,
11,3,61136,1,0,2,
11,3,13929,0,1,2,
11,3,61116,1,0,2,
11,3,17856,0,1,2,
11,3,13277,0,1,2,
11,3,61146,1,0,2,
11,3,11723,0,1,2,
11,3,61174,1,0,2,
11,3,11946,0,1,2,
11,3,61131,1,0,2,
11,3,60428,1,0,2,
11,3,21148,0,1,2,
11,3,33375,0,1,3,
11,3,9415,0,1,3,
11,3,60427,1,0,3,
11,3,15229,0,1,3,
11,3,9425,0,1,3,
11,3,60975,1,0,3,
11,3,60946,1,0,3,
11,3,60961,1,0,3,
11,3,9362,0,1,3,
11,3,9653,0,1,3,
11,3,42337,0,1,3,
11,3,9438,0,1,3,
11,3,22640,0,1,3,
11,3,61080,1,0,3,
11,3,29886,0,1,3,
11,3,9433,0,1,4,
11,3,9476,0,1,4,
11,3,9429,0,1,4,
11,3,9456,0,1,4,
11,3,9607,0,1,4,
11,3,9433,0,1,4,
11,3,9441,0,1,4,
11,3,9512,0,1,4,
11,3,9482,0,1,4,
11,3,9549,0,1,4,
11,3,9630,0,1,4,
11,3,9598,0,1,4,
11,3,9255,0,1,4,
11,3,9182,0,1,4,
11,3,9168,0,1,4,
11,3,9224,0,1,5,
11,3,9252,0,1,5,
11,3,9278,0,1,5,
11,3,9056,0,1,5,
11,3,9125,0,1,5,
11,3,9173,0,1,5,
11,3,9270,0,1,5,
11,3,9040,0,1,5,
11,3,9092,0,1,5,
11,3,9153,0,1,5,
11,3,9172,0,1,5,
11,3,9238,0,1,5,
11,3,9252,0,1,5,
11,3,9315,0,1,5,
11,3,9196,0,1,5,
11,4,16817,0,1,1,
11,4,16648,0,1,1,
11,4,16943,0,1,1,
11,4,16940,0,1,1,
11,4,16936,0,1,1,
11,4,16969,0,1,1,
11,4,16858,0,1,1,
11,4,16969,0,1,1,
11,4,16907,0,1,1,
11,4,16824,0,1,1,
11,4,17012,0,1,1,
11,4,16973,0,1,1,
11,4,17050,0,1,1,
11,4,17104,0,1,1,
11,4,17071,0,1,1,
11,4,61425,1,0,2,
11,4,9729,0,1,2,
11,4,61442,1,0,2,
11,4,61355,1,0,2,
11,4,61603,1,0,2,
11,4,61419,1,0,2,
11,4,61410,1,0,2,
11,4,61493,1,0,2,
11,4,10118,0,1,2,
11,4,14842,0,1,2,
11,4,61471,1,0,2,
11,4,61521,1,0,2,
11,4,9808,0,1,2,
11,4,61381,1,0,2,
11,4,61418,1,0,2,
11,4,14245,0,1,3,
11,4,61421,1,0,3,
11,4,61366,1,0,3,
11,4,9380,0,1,3,
11,4,61405,1,0,3,
11,4,61311,1,0,3,
11,4,9451,0,1,3,
11,4,28389,0,1,3,
11,4,61363,1,0,3,
11,4,35977,0,1,3,
11,4,61385,1,0,3,
11,4,61350,1,0,3,
11,4,61289,1,0,3,
11,4,61313,1,0,3,
11,4,12175,0,1,3,
11,4,9424,0,1,4,
11,4,9717,0,1,4,
11,4,9473,0,1,4,
11,4,9474,0,1,4,
11,4,9371,0,1,4,
11,4,9491,0,1,4,
11,4,9266,0,1,4,
11,4,9466,0,1,4,
11,4,9353,0,1,4,
11,4,9471,0,1,4,
11,4,9451,0,1,4,
11,4,9362,0,1,4,
11,4,9548,0,1,4,
11,4,9631,0,1,4,
11,4,9438,0,1,4,
11,4,9400,0,1,5,
11,4,9600,0,1,5,
11,4,9515,0,1,5,
11,4,9569,0,1,5,
11,4,9591,0,1,5,
11,4,9477,0,1,5,
11,4,9507,0,1,5,
11,4,9507,0,1,5,
11,4,9552,0,1,5,
11,4,9556,0,1,5,
11,4,9644,0,1,5,
11,4,9548,0,1,5,
11,4,9685,0,1,5,
11,4,9504,0,1,5,
11,4,9514,0,1,5,
11,5,17554,0,1,1,
11,5,17339,0,1,1,
11,5,17288,0,1,1,
11,5,17546,0,1,1,
11,5,17765,0,1,1,
11,5,17326,0,1,1,
11,5,17327,0,1,1,
11,5,17403,0,1,1,
11,5,17588,0,1,1,
11,5,17657,0,1,1,
11,5,17550,0,1,1,
11,5,17378,0,1,1,
11,5,17794,0,1,1,
11,5,17527,0,1,1,
11,5,17749,0,1,1,
11,5,61469,1,0,2,
11,5,9965,0,1,2,
11,5,61519,1,0,2,
11,5,61409,1,0,2,
11,5,61429,1,0,2,
11,5,61534,1,0,2,
11,5,61527,1,0,2,
11,5,61527,1,0,2,
11,5,61454,1,0,2,
11,5,61393,1,0,2,
11,5,12923,0,1,2,
11,5,21327,0,1,2,
11,5,10511,0,1,2,
11,5,10012,0,1,2,
11,5,25587,0,1,2,
11,5,9914,0,1,3,
11,5,55014,0,1,3,
11,5,61362,1,0,3,
11,5,9747,0,1,3,
11,5,61376,1,0,3,
11,5,9734,0,1,3,
11,5,61461,1,0,3,
11,5,52203,0,1,3,
11,5,61437,1,0,3,
11,5,61305,1,0,3,
11,5,9758,0,1,3,
11,5,61373,1,0,3,
11,5,61420,1,0,3,
11,5,61339,1,0,3,
11,5,9792,0,1,3,
11,5,9755,0,1,4,
11,5,9846,0,1,4,
11,5,9634,0,1,4,
11,5,9700,0,1,4,
11,5,9800,0,1,4,
11,5,9729,0,1,4,
11,5,9858,0,1,4,
11,5,9829,0,1,4,
11,5,9711,0,1,4,
11,5,9600,0,1,4,
11,5,9762,0,1,4,
11,5,9686,0,1,4,
11,5,9864,0,1,4,
11,5,9587,0,1,4,
11,5,9722,0,1,4,
11,5,9796,0,1,5,
11,5,9767,0,1,5,
11,5,9852,0,1,5,
11,5,9860,0,1,5,
11,5,9737,0,1,5,
11,5,9803,0,1,5,
11,5,9769,0,1,5,
11,5,9740,0,1,5,
11,5,9850,0,1,5,
11,5,9899,0,1,5,
11,5,9902,0,1,5,
11,5,9799,0,1,5,
11,5,9932,0,1,5,
11,5,9890,0,1,5,
11,5,9906,0,1,5,
12,0,21681,0,1,1,
12,0,21711,0,1,1,
12,0,21728,0,1,1,
12,0,21760,0,1,1,
12,0,21773,0,1,1,
12,0,21949,0,1,1,
12,0,21758,0,1,1,
12,0,21775,0,1,1,
12,0,21787,0,1,1,
12,0,21816,0,1,1,
12,0,21832,0,1,1,
12,0,21852,0,1,1,
12,0,21840,0,1,1,
12,0,21853,0,1,1,
12,0,21852,0,1,1,
12,0,22955,0,1,2,
12,0,56981,0,1,2,
12,0,23214,0,1,2,
12,0,22977,0,1,2,
12,0,23194,0,1,2,
12,0,23100,0,1,2,
12,0,22989,0,1,2,
12,0,23235,0,1,2,
12,0,22953,0,1,2,
12,0,23061,0,1,2,
12,0,23363,0,1,2,
12,0,23042,0,1,2,
12,0,23148,0,1,2,
12,0,23270,0,1,2,
12,0,23031,0,1,2,
12,0,12029,0,1,3,
12,0,12050,0,1,3,
12,0,12048,0,1,3,
12,0,12051,0,1,3,
12,0,12062,0,1,3,
12,0,12061,0,1,3,
12,0,12071,0,1,3,
12,0,12082,0,1,3,
12,0,12089,0,1,3,
12,0,12102,0,1,3,
12,0,12109,0,1,3,
12,0,12526,0,1,3,
12,0,12119,0,1,3,
12,0,12130,0,1,3,
12,0,12131,0,1,3,
12,0,12137,0,1,4,
12,0,12137,0,1,4,
12,0,12148,0,1,4,
12,0,12168,0,1,4,
12,0,12168,0,1,4,
12,0,12172,0,1,4,
12,0,12179,0,1,4,
12,0,12175,0,1,4,
12,0,12186,0,1,4,
12,0,12196,0,1,4,
12,0,12199,0,1,4,
12,0,12208,0,1,4,
12,0,12208,0,1,4,
12,0,12219,0,1,4,
12,0,12229,0,1,4,
12,0,12241,0,1,5,
12,0,12252,0,1,5,
12,0,12265,0,1,5,
12,0,12269,0,1,5,
12,0,12279,0,1,5,
12,0,12287,0,1,5,
12,0,12291,0,1,5,
12,0,12298,0,1,5,
12,0,12299,0,1,5,
12,0,12298,0,1,5,
12,0,12310,0,1,5,
12,0,12310,0,1,5,
12,0,12320,0,1,5,
12,0,12330,0,1,5,
12,0,12338,0,1,5,
12,1,22426,0,1,1,
12,1,22579,0,1,1,
12,1,22782,0,1,1,
12,1,22714,0,1,1,
12,1,22682,0,1,1,
12,1,22926,0,1,1,
12,1,22716,0,1,1,
12,1,22655,0,1,1,
12,1,22906,0,1,1,
12,1,22597,0,1,1,
12,1,22938,0,1,1,
12,1,22798,0,1,1,
12,1,22900,0,1,1,
12,1,22757,0,1,1,
12,1,22744,0,1,1,
12,1,23742,0,1,2,
12,1,23554,0,1,2,
12,1,61661,1,0,2,
12,1,23474,0,1,2,
12,1,23783,0,1,2,
12,1,23764,0,1,2,
12,1,22377,0,1,2,
12,1,61630,1,0,2,
12,1,60533,1,0,2,
12,1,22354,0,1,2,
12,1,23414,0,1,2,
12,1,23703,0,1,2,
12,1,23706,0,1,2,
12,1,23674,0,1,2,
12,1,24187,0,1,2,
12,1,12787,0,1,3,
12,1,12631,0,1,3,
12,1,12872,0,1,3,
12,1,15278,0,1,3,
12,1,12586,0,1,3,
12,1,12726,0,1,3,
12,1,61647,1,0,3,
12,1,37258,0,1,3,
12,1,12665,0,1,3,
12,1,24158,0,1,3,
12,1,12518,0,1,3,
12,1,35091,0,1,3,
12,1,12713,0,1,3,
12,1,12541,0,1,3,
12,1,12836,0,1,3,
12,1,12729,0,1,4,
12,1,12594,0,1,4,
12,1,12641,0,1,4,
12,1,12584,0,1,4,
12,1,12963,0,1,4,
12,1,12683,0,1,4,
12,1,12881,0,1,4,
12,1,25426,0,1,4,
12,1,12672,0,1,4,
12,1,61699,1,0,4,
12,1,12720,0,1,4,
12,1,12824,0,1,4,
12,1,12784,0,1,4,
12,1,12720,0,1,4,
12,1,13165,0,1,4,
12,1,61514,1,0,5,
12,1,12946,0,1,5,
12,1,61638,1,0,5,
12,1,12833,0,1,5,
12,1,12733,0,1,5,
12,1,20825,0,1,5,
12,1,60493,1,0,5,
12,1,12689,0,1,5,
12,1,60519,1,0,5,
12,1,12949,0,1,5,
12,1,13090,0,1,5,
12,1,60478,1,0,5,
12,1,60427,1,0,5,
12,1,13058,0,1,5,
12,1,55833,0,1,5,
12,2,23530,0,1,1,
12,2,24106,0,1,1,
12,2,24429,0,1,1,
12,2,24052,0,1,1,
12,2,24211,0,1,1,
12,2,24249,0,1,1,
12,2,24267,0,1,1,
12,2,24316,0,1,1,
12,2,24456,0,1,1,
12,2,23894,0,1,1,
12,2,24021,0,1,1,
12,2,24368,0,1,1,
12,2,23847,0,1,1,
12,2,24362,0,1,1,
12,2,23778,0,1,1,
12,2,51095,0,1,2,
12,2,35628,0,1,2,
12,2,46004,0,1,2,
12,2,41119,0,1,2,
12,2,43738,0,1,2,
12,2,37538,0,1,2,
12,2,36034,0,1,2,
12,2,37873,0,1,2,
12,2,32119,0,1,2,
12,2,61692,1,0,2,
12,2,60785,1,0,2,
12,2,35926,0,1,2,
12,2,36397,0,1,2,
12,2,35232,0,1,2,
12,2,61354,1,0,2,
12,2,13660,0,1,3,
12,2,13827,0,1,3,
12,2,13702,0,1,3,
12,2,13760,0,1,3,
12,2,59725,0,1,3,
12,2,60808,1,0,3,
12,2,27172,0,1,3,
12,2,60826,1,0,3,
12,2,13525,0,1,3,
12,2,18223,0,1,3,
12,2,13769,0,1,3,
12,2,60845,1,0,3,
12,2,13965,0,1,3,
12,2,60788,1,0,3,
12,2,13741,0,1,3,
12,2,61643,1,0,4,
12,2,48539,0,1,4,
12,2,13856,0,1,4,
12,2,13468,0,1,4,
12,2,13654,0,1,4,
12,2,14113,0,1,4,
12,2,13964,0,1,4,
12,2,61378,1,0,4,
12,2,61412,1,0,4,
12,2,13733,0,1,4,
12,2,13503,0,1,4,
12,2,13715,0,1,4,
12,2,25639,0,1,4,
12,2,14039,0,1,4,
12,2,13740,0,1,4,
12,2,13786,0,1,5,
12,2,13668,0,1,5,
12,2,13843,0,1,5,
12,2,61100,1,0,5,
12,2,14245,0,1,5,
12,2,61171,1,0,5,
12,2,14049,0,1,5,
12,2,13831,0,1,5,
12,2,13572,0,1,5,
12,2,13919,0,1,5,
12,2,61236,1,0,5,
12,2,61227,1,0,5,
12,2,61320,1,0,5,
12,2,13784,0,1,5,
12,2,13835,0,1,5,
12,3,24583,0,1,1,
12,3,24998,0,1,1,
12,3,24574,0,1,1,
12,3,24265,0,1,1,
12,3,25123,0,1,1,
12,3,24620,0,1,1,
12,3,24911,0,1,1,
12,3,25415,0,1,1,
12,3,25344,0,1,1,
12,3,25360,0,1,1,
12,3,25285,0,1,1,
12,3,24958,0,1,1,
12,3,25332,0,1,1,
12,3,25273,0,1,1,
12,3,25030,0,1,1,
12,3,25103,0,1,2,
12,3,60420,1,0,2,
12,3,24672,0,1,2,
12,3,29117,0,1,2,
12,3,60932,1,0,2,
12,3,18953,0,1,2,
12,3,60421,1,0,2,
12,3,60497,1,0,2,
12,3,59504,0,1,2,
12,3,61245,1,0,2,
12,3,60430,1,0,2,
12,3,24445,0,1,2,
12,3,61766,1,0,2,
12,3,61733,1,0,2,
12,3,34571,0,1,2,
12,3,61625,1,0,3,
12,3,61646,1,0,3,
12,3,61304,1,0,3,
12,3,13695,0,1,3,
12,3,14137,0,1,3,
12,3,14342,0,1,3,
12,3,23758,0,1,3,
12,3,13866,0,1,3,
12,3,61129,1,0,3,
12,3,13918,0,1,3,
12,3,14139,0,1,3,
12,3,14065,0,1,3,
12,3,61252,1,0,3,
12,3,14062,0,1,3,
12,3,61388,1,0,3,
12,3,61565,1,0,4,
12,3,32825,0,1,4,
12,3,14140,0,1,4,
12,3,14111,0,1,4,
12,3,14040,0,1,4,
12,3,14021,0,1,4,
12,3,14408,0,1,4,
12,3,14348,0,1,4,
12,3,15308,0,1,4,
12,3,14451,0,1,4,
12,3,60866,1,0,4,
12,3,61712,1,0,4,
12,3,60841,1,0,4,
12,3,14532,0,1,4,
12,3,14424,0,1,4,
